1 0.672169 0.627884 0.053068 0.249472
1 0.672169 0.627884 0.053068 0.249472
1 0.754424 0.675056 0.084318 0.402519
1 0.847875 0.647796 0.057781 0.291407
2 0.107898 0.613736 0.116745 0.170861
2 0.040094 0.502620 0.080188 0.045074
2 0.078714 0.506815 0.013562 0.036685
2 0.223763 0.525685 0.182193 0.166667
1 0.317216 0.546116 0.009432 0.077565
1 0.551003 0.575991 0.022995 0.097481
1 0.562500 0.570755 0.010615 0.101676
1 0.540096 0.547694 0.012974 0.047167
1 0.507958 0.574426 0.014740 0.081759
1 0.525352 0.572852 0.014151 0.076519
1 0.500003 0.554509 0.008255 0.058704
1 0.492927 0.549792 0.010615 0.070231
1 0.399172 0.552935 0.017688 0.063944
