2 0.884174 0.708074 0.230609 0.357444
2 0.776237 0.596958 0.300120 0.263102
2 0.776237 0.596958 0.300120 0.263102
2 0.590510 0.600630 0.092573 0.092241
2 0.010612 0.526731 0.021224 0.145704
2 0.041273 0.522537 0.082547 0.187630
2 0.176888 0.501046 0.047172 0.102722
1 0.517984 0.578616 0.020635 0.096435
1 0.501768 0.581759 0.020047 0.092241
1 0.470521 0.571806 0.017688 0.097481
2 0.419518 0.553986 0.011203 0.040880
1 0.361734 0.543495 0.014740 0.072324
1 0.344047 0.542449 0.013562 0.070231
1 0.275648 0.508389 0.006484 0.020963
1 0.272112 0.507338 0.005307 0.023065
1 0.199885 0.547699 0.027125 0.110065
1 0.140331 0.527778 0.030661 0.126833
2 0.436333 0.559190 0.031542 0.046731
