2 0.593607 0.570088 0.034172 0.065417
1 0.573013 0.584111 0.028036 0.112148
1 0.544979 0.574769 0.022781 0.099685
2 0.382448 0.620713 0.123542 0.194704
2 0.347839 0.514019 0.022781 0.043611
2 0.284318 0.532704 0.023656 0.031148
2 0.212909 0.535051 0.028036 0.032713
2 0.265919 0.519472 0.011391 0.017130
2 0.216849 0.522583 0.009635 0.014019
2 0.230872 0.532704 0.011391 0.031148
2 0.230872 0.532704 0.011391 0.031148
2 0.240068 0.533486 0.008760 0.020250
2 0.247516 0.528042 0.014896 0.018694
2 0.321115 0.507782 0.006135 0.009343
2 0.321115 0.507782 0.006135 0.009343
