2 0.175706 0.558176 0.064859 0.076519
2 0.471992 0.547171 0.061911 0.035639
2 0.125000 0.535116 0.033021 0.030398
2 0.952828 0.549269 0.040094 0.041926
2 0.895930 0.553458 0.033609 0.035639
2 0.857898 0.559227 0.014151 0.017824
2 0.805424 0.555032 0.047172 0.030398
2 0.706073 0.555037 0.019458 0.024111
2 0.663914 0.549269 0.015328 0.029352
2 0.625883 0.552412 0.018276 0.023065
2 0.282133 0.541931 0.051297 0.035639
2 0.072229 0.525153 0.026531 0.037731
2 0.097289 0.523060 0.009432 0.027250
2 0.026240 0.520435 0.020635 0.036685
1 0.086969 0.530921 0.014740 0.059750
1 0.086969 0.530921 0.014740 0.059750
1 0.204896 0.527773 0.007667 0.032491
1 0.103479 0.536685 0.014740 0.050315
1 0.990568 0.548741 0.011792 0.084907
1 0.973466 0.555028 0.014151 0.076519
1 0.870875 0.549792 0.010615 0.030398
