1 0.274766 0.623694 0.067219 0.312370
1 0.231133 0.610065 0.058964 0.312370
1 0.425706 0.584380 0.037734 0.179241
2 0.457547 0.583861 0.022406 0.081759
1 0.509435 0.553981 0.020047 0.087000
1 0.529779 0.550310 0.021818 0.096435
1 0.563091 0.568139 0.020047 0.098537
1 0.598763 0.568653 0.027714 0.093287
1 0.581664 0.573375 0.011203 0.044028
1 0.616448 0.572852 0.008844 0.045074
1 0.621464 0.574954 0.007073 0.042981
1 0.643867 0.567088 0.015328 0.073380
1 0.632664 0.571278 0.009432 0.050315
1 0.650646 0.568662 0.008844 0.070231
1 0.627359 0.577042 0.005896 0.038787
