2 0.483784 0.591722 0.074880 0.097481
2 0.910375 0.623690 0.068396 0.073380
2 0.859966 0.612685 0.079599 0.066037
2 0.772997 0.605347 0.076651 0.080713
2 0.789799 0.669815 0.056016 0.119500
2 0.687794 0.590676 0.046578 0.053463
2 0.638854 0.562894 0.037146 0.056602
2 0.544813 0.540352 0.023583 0.036685
1 0.984260 0.682245 0.030437 0.090343
1 0.909023 0.640185 0.028911 0.056074
1 0.883177 0.636296 0.022781 0.054519
1 0.560307 0.552176 0.007885 0.042056
1 0.839805 0.634731 0.020151 0.057630
1 0.848570 0.629282 0.011391 0.034269
1 0.815711 0.606694 0.026286 0.085667
1 0.759201 0.625389 0.025411 0.126167
1 0.786799 0.610597 0.028036 0.087231
1 0.604117 0.555292 0.011391 0.051398
1 0.576078 0.558412 0.009635 0.051398
1 0.583964 0.556074 0.009635 0.052963
