1 0.190448 0.551366 0.022406 0.075472
2 0.394161 0.557653 0.037146 0.023065
1 0.488503 0.564995 0.011203 0.044028
1 0.594044 0.567083 0.006484 0.031444
1 0.899174 0.582806 0.009432 0.050315
1 0.873523 0.580718 0.012380 0.054509
1 0.887674 0.581759 0.012380 0.048222
2 0.818102 0.575468 0.022995 0.025157
1 0.881190 0.580713 0.006484 0.050315
1 0.913034 0.589102 0.010026 0.039833
1 0.650352 0.556602 0.008255 0.020963
2 0.778599 0.574421 0.024177 0.023065
2 0.799234 0.550315 0.043042 0.058704
1 0.803656 0.572847 0.007073 0.030398
2 0.802477 0.579144 0.008255 0.017824
2 0.825471 0.560796 0.014151 0.031444
2 0.857016 0.574949 0.007667 0.019917
2 0.863208 0.574949 0.010615 0.019917
