2 0.971732 0.645704 0.055495 0.100630
2 0.887674 0.624218 0.085495 0.099583
2 0.150354 0.588574 0.158021 0.154093
2 0.263560 0.594861 0.127359 0.124741
2 0.338443 0.590148 0.119104 0.111111
2 0.379128 0.581764 0.103776 0.104824
2 0.011497 0.563944 0.022995 0.092241
2 0.423938 0.581759 0.073115 0.092241
2 0.456076 0.588579 0.051297 0.059750
2 0.478182 0.587005 0.050708 0.054509
2 0.674531 0.607440 0.123823 0.080713
1 0.536560 0.585954 0.012974 0.052407
2 0.535375 0.600102 0.017688 0.034593
2 0.748526 0.605870 0.041865 0.050315
1 0.619987 0.583856 0.010026 0.027250
2 0.612323 0.606394 0.007667 0.019917
