2 0.062500 0.548213 0.125000 0.203352
2 0.145635 0.553454 0.044813 0.062889
2 0.172464 0.553463 0.038323 0.039833
2 0.746464 0.577569 0.027125 0.035639
2 0.957547 0.590144 0.045990 0.035639
2 0.806016 0.576514 0.063677 0.037731
2 0.852594 0.577565 0.033021 0.031444
2 0.862026 0.574949 0.029479 0.032491
2 0.894456 0.577565 0.030661 0.031444
2 0.153596 0.521486 0.039505 0.028306
1 0.929615 0.602801 0.040302 0.105917
1 0.936622 0.595801 0.012266 0.101250
1 0.470068 0.562310 0.006135 0.034269
1 0.365799 0.546731 0.004380 0.028037
1 0.359667 0.545944 0.006135 0.029593
1 0.353096 0.548287 0.005255 0.024926
1 0.340828 0.542056 0.014021 0.028037
1 0.459549 0.556069 0.130547 0.037380
1 0.642393 0.561843 0.011203 0.031444
2 0.642099 0.575472 0.017688 0.029352
