2 0.051003 0.547694 0.102005 0.632074
2 0.163622 0.594866 0.146818 0.242139
2 0.183669 0.549792 0.158609 0.151991
2 0.919224 0.754194 0.090802 0.248426
2 0.880013 0.732704 0.079599 0.243185
2 0.757372 0.685014 0.028891 0.151991
2 0.226122 0.537213 0.146818 0.135222
1 0.719198 0.676375 0.072323 0.385713
1 0.795534 0.674722 0.079120 0.426370
1 0.306591 0.546157 0.013599 0.083519
1 0.424039 0.552199 0.017307 0.082417
1 0.407346 0.555495 0.017307 0.075824
1 0.395635 0.551884 0.011792 0.078620
1 0.386792 0.550843 0.011792 0.074426
1 0.347583 0.544546 0.013562 0.068130
