2 0.799232 0.645704 0.210495 0.192870
2 0.637385 0.597486 0.095521 0.106917
2 0.283607 0.555028 0.077828 0.068130
2 0.016214 0.501574 0.013562 0.034593
2 0.033312 0.513102 0.020635 0.013630
2 0.053654 0.518347 0.015328 0.019917
2 0.051299 0.511528 0.018870 0.029352
2 0.149766 0.524106 0.029479 0.027250
2 0.346698 0.534069 0.004719 0.011528
2 0.374411 0.542454 0.033021 0.024111
2 0.689562 0.566560 0.035969 0.040880
2 0.394753 0.542449 0.010026 0.019917
2 0.418339 0.542977 0.014740 0.023065
2 0.425411 0.533542 0.004125 0.006287
1 0.515628 0.551884 0.010026 0.019917
2 0.522701 0.547694 0.005307 0.013630
2 0.535969 0.552407 0.016510 0.029352
2 0.532432 0.544019 0.010615 0.012574
2 0.552182 0.548218 0.007667 0.025157
2 0.572229 0.551884 0.007667 0.032491
2 0.589914 0.553454 0.012380 0.031444
2 0.432193 0.535116 0.005896 0.009435
