2 0.517096 0.617921 0.094339 0.141509
2 0.710789 0.636269 0.152714 0.180296
2 0.929576 0.807130 0.139807 0.272537
1 0.983820 0.610588 0.031318 0.170861
1 0.137677 0.574421 0.048937 0.184491
1 0.209023 0.556079 0.039505 0.133120
1 0.241745 0.564468 0.028302 0.122639
2 0.398586 0.553981 0.053068 0.055556
1 0.301005 0.560278 0.007667 0.042981
2 0.318987 0.518866 0.047172 0.094343
1 0.356719 0.542454 0.007073 0.036685
2 0.492630 0.560269 0.037146 0.036685
2 0.440451 0.552935 0.030661 0.036685
2 0.471698 0.555032 0.023583 0.040880
2 0.458430 0.558181 0.005307 0.019917
2 0.377357 0.547694 0.015328 0.034593
2 0.411849 0.531449 0.037146 0.046120
