2 0.518576 0.629454 0.124411 0.198111
2 0.661557 0.571801 0.091979 0.051361
2 0.792453 0.587000 0.045990 0.050315
2 0.524471 0.499472 0.056016 0.076519
2 0.048055 0.556602 0.028891 0.052407
2 0.037143 0.534588 0.037734 0.046120
2 0.121461 0.522014 0.031839 0.054509
2 0.197820 0.529347 0.034786 0.037731
2 0.226414 0.533023 0.008255 0.030398
2 0.246755 0.533546 0.020635 0.029352
2 0.278302 0.531972 0.029479 0.034593
2 0.988831 0.652509 0.021297 0.057648
2 0.968195 0.598532 0.062568 0.067083
2 0.954893 0.651463 0.015922 0.055556
2 0.866742 0.596963 0.021224 0.063944
2 0.836086 0.626833 0.018870 0.052407
2 0.801005 0.623690 0.007667 0.044028
2 0.764445 0.622116 0.015922 0.030398
1 0.238503 0.533546 0.012380 0.031444
1 0.328419 0.531972 0.012974 0.034593
2 0.319872 0.551366 0.011203 0.033546
2 0.881779 0.576519 0.005307 0.029352
2 0.865565 0.562370 0.012974 0.024111
