1 0.765922 0.635745 0.061323 0.263102
2 0.273880 0.593292 0.162146 0.127880
1 0.863797 0.645704 0.086083 0.320759
2 0.443398 0.564463 0.070755 0.084907
1 0.812797 0.618972 0.043042 0.196019
2 0.069281 0.524630 0.138563 0.084907
2 0.216982 0.534065 0.075474 0.055556
2 0.190445 0.512574 0.021224 0.020963
2 0.286260 0.526736 0.059552 0.017824
2 0.331370 0.534597 0.028302 0.033546
2 0.386792 0.544546 0.057781 0.045074
1 0.654185 0.583329 0.018276 0.072324
2 0.651831 0.606398 0.005307 0.042981
2 0.614977 0.575468 0.064859 0.077565
