2 0.867844 0.559194 0.046437 0.028037
2 0.967292 0.552176 0.014021 0.042056
2 0.979120 0.552176 0.007885 0.042056
2 0.693487 0.552958 0.011391 0.034269
2 0.693487 0.552958 0.011391 0.034269
2 0.718021 0.554514 0.007885 0.034269
2 0.603677 0.560745 0.017521 0.034269
2 0.565568 0.559968 0.007885 0.035824
2 0.467435 0.610588 0.097255 0.158880
2 0.513432 0.568537 0.024531 0.056074
2 0.236568 0.549843 0.070094 0.040500
2 0.183995 0.543611 0.024531 0.031148
2 0.135807 0.538940 0.038552 0.034269
2 0.091120 0.531935 0.047313 0.038944
1 0.838440 0.553986 0.015328 0.061843
1 0.711969 0.549269 0.008844 0.050315
1 0.703422 0.548213 0.010615 0.052407
1 0.680721 0.549269 0.011203 0.048222
1 0.686909 0.549269 0.008255 0.048222
2 0.675411 0.556083 0.004125 0.015722
1 0.532727 0.546644 0.010026 0.038787
1 0.521523 0.544023 0.005307 0.033546
2 0.196932 0.550310 0.011792 0.016769
1 0.047760 0.541926 0.022406 0.071278
1 0.019161 0.537213 0.008844 0.068130
1 0.034786 0.542454 0.011792 0.063944
