2 0.311479 0.584111 0.209406 0.261685
2 0.936510 0.649528 0.125938 0.099685
2 0.800378 0.584111 0.028911 0.028037
2 0.831047 0.581773 0.016646 0.020250
2 0.718461 0.624606 0.198016 0.105917
2 0.055201 0.529597 0.096380 0.049843
2 0.109521 0.546731 0.017521 0.028037
2 0.747372 0.569315 0.026286 0.010907
2 0.648805 0.570870 0.042932 0.026481
2 0.681219 0.571653 0.023656 0.021806
2 0.690857 0.566981 0.020151 0.015574
2 0.207216 0.560745 0.025411 0.065417
2 0.117406 0.542051 0.029792 0.037380
2 0.138432 0.542833 0.031542 0.038944
2 0.167346 0.545167 0.028036 0.031148
1 0.589659 0.572431 0.012266 0.048287
1 0.596672 0.569310 0.007010 0.051398
1 0.508255 0.558699 0.005896 0.023065
2 0.507958 0.566032 0.002948 0.016769
