2 0.964362 0.611106 0.070234 0.117398
1 0.850529 0.570231 0.012380 0.020963
2 0.642690 0.558181 0.014151 0.030398
2 0.506193 0.537208 0.024177 0.019917
2 0.399172 0.534593 0.007073 0.018870
2 0.407721 0.536685 0.006484 0.020963
2 0.297466 0.532491 0.015922 0.020963
2 0.163326 0.530921 0.047172 0.051361
2 0.030956 0.506287 0.011203 0.018870
2 0.066630 0.513630 0.004719 0.010481
2 0.113794 0.517819 0.009432 0.014676
2 0.094341 0.502097 0.030661 0.054509
2 0.073406 0.513625 0.008844 0.014676
2 0.094341 0.502097 0.030661 0.054509
2 0.087557 0.514671 0.020635 0.027250
1 0.100234 0.515722 0.007073 0.029352
2 0.100529 0.524106 0.006484 0.014676
1 0.004719 0.500000 0.005896 0.031444
