1 0.856891 0.637852 0.087615 0.319315
2 0.945271 0.613708 0.108417 0.115269
2 0.354411 0.506231 0.186625 0.193148
1 0.142380 0.516352 0.021906 0.042056
1 0.463057 0.520250 0.006135 0.028037
1 0.838930 0.557634 0.011391 0.021806
1 0.808703 0.589565 0.029792 0.110593
2 0.826224 0.579440 0.031542 0.046731
2 0.776284 0.577102 0.042057 0.042056
2 0.772341 0.565417 0.044682 0.028037
2 0.763143 0.555292 0.043807 0.023361
1 0.736859 0.592681 0.029792 0.104361
1 0.563812 0.563861 0.014896 0.068537
2 0.562062 0.577880 0.039427 0.040500
2 0.509932 0.515574 0.029792 0.024926
2 0.354411 0.506231 0.186625 0.193148
2 0.354411 0.506231 0.186625 0.193148
