1 0.817807 0.688157 0.089625 0.326000
1 0.709315 0.641514 0.071932 0.306083
1 0.237617 0.556606 0.024766 0.064991
1 0.630805 0.570875 0.015453 0.075824
1 0.628023 0.540106 0.009891 0.027472
1 0.602789 0.566551 0.015057 0.079417
2 0.585151 0.534116 0.032719 0.059287
2 0.513424 0.553134 0.062922 0.054806
2 0.469378 0.541944 0.028943 0.039148
2 0.417156 0.531880 0.020135 0.039148
2 0.406773 0.528523 0.005661 0.021250
2 0.116401 0.512861 0.020135 0.052574
2 0.167367 0.517338 0.062922 0.057046
2 0.183096 0.501116 0.023911 0.017898
2 0.005034 0.510625 0.010068 0.068231
1 0.358326 0.531282 0.011953 0.053769
1 0.339971 0.512639 0.006182 0.018685
2 0.322044 0.525273 0.032141 0.037361
2 0.348628 0.519782 0.013599 0.024176
2 0.371758 0.528301 0.018276 0.027250
1 0.110260 0.493708 0.004719 0.016769
1 0.102888 0.495806 0.010026 0.029352
2 0.101711 0.512583 0.006484 0.029352
1 0.097286 0.490037 0.004719 0.015722
2 0.094635 0.508384 0.007667 0.025157
1 0.056310 0.495801 0.010026 0.037731
1 0.076062 0.500528 0.007073 0.034593
