2 0.880547 0.549847 0.015771 0.018694
2 0.488461 0.637852 0.137557 0.219630
2 0.564253 0.551407 0.010516 0.024926
2 0.150263 0.570097 0.190130 0.186917
2 0.058266 0.526477 0.046437 0.021806
2 0.343896 0.555296 0.037677 0.054519
2 0.252333 0.535042 0.017521 0.023361
1 0.810456 0.552181 0.010516 0.048287
1 0.794685 0.549843 0.010516 0.052963
1 0.964224 0.570093 0.009635 0.031148
1 0.738612 0.553741 0.012266 0.029593
1 0.637852 0.542060 0.005255 0.018694
1 0.289138 0.536602 0.003505 0.014019
1 0.310602 0.544389 0.004380 0.029593
1 0.449034 0.511681 0.004380 0.007787
