1 0.784490 0.634699 0.054833 0.221176
2 0.302773 0.548745 0.084318 0.101676
2 0.209315 0.506287 0.049526 0.060796
2 0.159495 0.468028 0.076062 0.103778
2 0.242628 0.483750 0.091391 0.063944
2 0.060732 0.539310 0.037734 0.101676
2 0.037146 0.476417 0.074292 0.066037
2 0.081661 0.505764 0.019458 0.080713
2 0.025648 0.542454 0.051297 0.166667
2 0.091391 0.506810 0.005896 0.030398
2 0.095813 0.500000 0.019458 0.039833
2 0.724648 0.567088 0.030661 0.037731
2 0.934846 0.656713 0.102005 0.114259
2 0.970552 0.735852 0.057854 0.322852
1 0.660378 0.588574 0.037734 0.074426
1 0.605836 0.548218 0.006484 0.037731
1 0.595815 0.545069 0.011203 0.037731
1 0.588737 0.546125 0.012380 0.033546
1 0.340508 0.512583 0.010026 0.039833
1 0.345521 0.507856 0.004719 0.032491
1 0.350823 0.504718 0.005896 0.032491
1 0.358490 0.505241 0.004719 0.029352
1 0.362914 0.506810 0.005307 0.030398
1 0.383552 0.510486 0.007667 0.033546
1 0.391510 0.522542 0.010615 0.049269
1 0.402714 0.521491 0.010615 0.053463
1 0.408021 0.522532 0.004719 0.051361
1 0.411557 0.518866 0.005896 0.025157
1 0.422169 0.526731 0.009432 0.047167
1 0.435732 0.527782 0.009432 0.049269
1 0.447523 0.528296 0.009432 0.052407
