2 0.465505 0.625792 0.093750 0.155139
2 0.589622 0.635218 0.093161 0.115306
2 0.531253 0.599579 0.042453 0.064991
2 0.244104 0.552935 0.040094 0.026204
2 0.262971 0.554509 0.020047 0.020963
1 0.633031 0.595792 0.007885 0.035824
2 0.634346 0.606694 0.010516 0.029593
2 0.421435 0.570093 0.021026 0.015574
1 0.148948 0.551403 0.015771 0.049843
2 0.149385 0.563088 0.016646 0.035824
1 0.195385 0.543611 0.008760 0.031148
1 0.209844 0.544389 0.007885 0.026481
2 0.205021 0.563866 0.008760 0.021806
1 0.275117 0.556856 0.010516 0.032713
1 0.322870 0.562310 0.007885 0.046731
2 0.347398 0.551403 0.011391 0.018694
