1 0.047313 0.597352 0.024531 0.141741
1 0.066586 0.603583 0.028036 0.126167
1 0.983935 0.630060 0.019276 0.073213
2 0.895008 0.633954 0.160339 0.052963
1 0.802568 0.619940 0.008760 0.062306
2 0.672896 0.602801 0.133177 0.133954
1 0.319799 0.615269 0.035047 0.221185
2 0.336885 0.626167 0.118281 0.109037
2 0.408732 0.608259 0.028911 0.042056
1 0.265479 0.624611 0.045562 0.280370
1 0.232185 0.669782 0.035047 0.190028
1 0.797758 0.617926 0.008255 0.057648
1 0.771818 0.612162 0.011792 0.056602
1 0.765922 0.609537 0.005896 0.042981
2 0.408609 0.585426 0.011792 0.005241
2 0.216984 0.631032 0.027125 0.073380
1 0.226120 0.576519 0.025354 0.050315
