2 0.456367 0.696542 0.174526 0.261009
2 0.677474 0.604301 0.057781 0.028306
1 0.832513 0.667718 0.047911 0.180861
1 0.870958 0.676130 0.046729 0.212407
1 0.917687 0.668769 0.032531 0.063093
2 0.924128 0.774449 0.150703 0.249213
1 0.775435 0.604630 0.011828 0.029444
1 0.636732 0.597792 0.006505 0.015769
1 0.539727 0.598315 0.006505 0.048370
1 0.243099 0.567301 0.008281 0.036806
1 0.290714 0.571505 0.007687 0.036806
1 0.321177 0.579912 0.005917 0.045213
1 0.338919 0.571500 0.007099 0.024185
2 0.338331 0.587801 0.004734 0.008417
1 0.338919 0.571500 0.007099 0.024185
1 0.338919 0.571500 0.007099 0.024185
1 0.357312 0.577565 0.007073 0.031444
2 0.355836 0.589097 0.005307 0.014676
1 0.357312 0.577565 0.007073 0.031444
1 0.397995 0.579139 0.004719 0.024111
2 0.397698 0.587005 0.002948 0.016769
2 0.190448 0.585426 0.034198 0.036685
