1 0.640331 0.547171 0.015328 0.025157
2 0.681016 0.691306 0.221698 0.265204
2 0.681016 0.691306 0.221698 0.265204
2 0.864128 0.789829 0.270703 0.416139
2 0.385612 0.698116 0.212266 0.308176
2 0.230247 0.602722 0.142099 0.174000
2 0.077831 0.587523 0.155661 0.204398
2 0.301885 0.577565 0.027125 0.081759
1 0.502357 0.585958 0.020047 0.104824
1 0.675706 0.552935 0.009432 0.015722
1 0.315742 0.545069 0.010026 0.035639
2 0.573409 0.582806 0.021818 0.031444
1 0.609375 0.571806 0.008844 0.024111
2 0.523583 0.572847 0.023583 0.030398
2 0.545107 0.550843 0.045401 0.034593
1 0.482018 0.574949 0.011203 0.051361
2 0.465214 0.569704 0.022406 0.034593
