2 0.452534 0.690773 0.170401 0.257861
2 0.721992 0.606394 0.068984 0.032491
1 0.853807 0.616199 0.013604 0.042065
1 0.806784 0.611986 0.011828 0.039954
1 0.656247 0.597264 0.006505 0.021028
1 0.642940 0.602523 0.007099 0.027343
2 0.024547 0.532069 0.026615 0.012620
2 0.120365 0.546792 0.043177 0.012620
1 0.554953 0.600671 0.007552 0.053694
1 0.235318 0.564315 0.007552 0.039148
1 0.235318 0.564315 0.007552 0.039148
1 0.272755 0.569356 0.009437 0.042509
1 0.299185 0.577736 0.006922 0.057046
1 0.299185 0.577736 0.006922 0.057046
1 0.324349 0.568236 0.009437 0.029083
2 0.114094 0.581236 0.035969 0.061843
2 0.114094 0.581236 0.035969 0.061843
2 0.183370 0.563944 0.035375 0.029352
1 0.305422 0.572852 0.005896 0.034593
2 0.303951 0.590667 0.010026 0.015722
2 0.323409 0.588051 0.006484 0.025157
1 0.386500 0.573380 0.007667 0.018870
2 0.385615 0.591722 0.005896 0.024111
