2 0.453714 0.628407 0.098469 0.164574
1 0.078716 0.569704 0.027714 0.116352
1 0.114680 0.573380 0.022995 0.100630
1 0.126180 0.572852 0.009432 0.074426
2 0.582250 0.636264 0.099646 0.117398
2 0.525354 0.603245 0.051885 0.072324
2 0.164211 0.568657 0.034786 0.034593
2 0.315448 0.556606 0.017688 0.023065
2 0.396224 0.578088 0.040094 0.030398
1 0.985687 0.630060 0.024531 0.116824
2 0.976375 0.663546 0.046208 0.071648
1 0.148510 0.556852 0.016646 0.042056
2 0.148951 0.575551 0.035047 0.032713
1 0.867406 0.601250 0.008760 0.040500
1 0.913844 0.610593 0.017521 0.068537
1 0.394714 0.575546 0.006135 0.042056
1 0.114680 0.573380 0.022995 0.100630
1 0.126180 0.572852 0.009432 0.074426
1 0.162091 0.552963 0.003505 0.012463
1 0.279935 0.575546 0.013141 0.042056
2 0.314982 0.556856 0.018401 0.023361
1 0.319365 0.573208 0.007885 0.049843
1 0.364487 0.573208 0.012266 0.037380
2 0.364927 0.584889 0.021906 0.026481
2 0.561615 0.580713 0.024177 0.018870
1 0.351711 0.571801 0.011203 0.040880
2 0.347289 0.583856 0.020047 0.027250
1 0.336083 0.559745 0.005896 0.016769
1 0.295401 0.565519 0.004719 0.024111
2 0.397703 0.590148 0.025354 0.018870
2 0.135807 0.566199 0.017521 0.035824
2 0.099008 0.566981 0.019276 0.040500
