2 0.025943 0.556083 0.033021 0.045074
2 0.408609 0.703356 0.216979 0.297694
2 0.976451 0.650940 0.046057 0.085954
2 0.851708 0.605875 0.035969 0.044028
2 0.640331 0.619500 0.021224 0.039833
2 0.668924 0.615306 0.017099 0.029352
1 0.007010 0.527259 0.008760 0.026481
2 0.015333 0.590338 0.030667 0.065417
2 0.053448 0.599690 0.078854 0.059194
1 0.073599 0.580991 0.024531 0.127722
1 0.087617 0.577097 0.019276 0.119935
1 0.135805 0.561528 0.010516 0.054519
1 0.152891 0.562306 0.014896 0.056074
1 0.824036 0.639407 0.023656 0.095019
2 0.852510 0.655764 0.031542 0.062306
1 0.801693 0.639407 0.015771 0.095019
1 0.788990 0.640968 0.009635 0.079435
1 0.780227 0.640190 0.018401 0.090343
1 0.765333 0.637069 0.014896 0.087231
1 0.730721 0.626949 0.012266 0.076324
1 0.741237 0.623833 0.012266 0.082556
1 0.655372 0.620713 0.010516 0.070093
1 0.620326 0.619940 0.012266 0.105917
1 0.542349 0.605139 0.007010 0.038944
1 0.530956 0.596574 0.003505 0.031148
1 0.526576 0.605134 0.003505 0.023361
1 0.521320 0.598912 0.005255 0.032713
1 0.628831 0.635741 0.005307 0.034593
1 0.554245 0.603245 0.004719 0.032491
1 0.495870 0.588051 0.007073 0.027250
1 0.510612 0.597486 0.009432 0.035639
1 0.349646 0.572856 0.004719 0.017824
2 0.242628 0.572329 0.017099 0.016769
2 0.206958 0.568653 0.027125 0.022009
2 0.176888 0.562894 0.020047 0.023065
2 0.875297 0.743713 0.076062 0.187630
1 0.048055 0.564991 0.039505 0.121593
