1 0.992958 0.581755 0.013042 0.037731
2 0.828302 0.790495 0.342354 0.409657
2 0.487586 0.649532 0.090245 0.161991
2 0.179177 0.603583 0.084990 0.070093
2 0.290094 0.597486 0.057781 0.067083
2 0.249703 0.596958 0.031250 0.032491
1 0.152120 0.574426 0.011792 0.020963
1 0.057193 0.574426 0.016510 0.041926
2 0.052771 0.596435 0.020635 0.039833
1 0.057193 0.574426 0.016510 0.041926
1 0.057193 0.574426 0.016510 0.041926
1 0.129716 0.580718 0.009432 0.044028
2 0.126768 0.595917 0.014151 0.034593
2 0.333432 0.598537 0.030073 0.039833
2 0.362911 0.595912 0.002948 0.011528
2 0.375591 0.591718 0.009432 0.011528
2 0.413031 0.592773 0.007667 0.017824
2 0.387971 0.590148 0.008255 0.010481
1 0.603182 0.608491 0.004719 0.024111
1 0.649177 0.604824 0.010615 0.039833
2 0.649471 0.624213 0.010026 0.026204
1 0.670107 0.604824 0.005307 0.041926
1 0.675414 0.591718 0.005307 0.022009
1 0.682195 0.612157 0.014151 0.050315
2 0.683078 0.627880 0.020635 0.041926
