2 0.116091 0.552181 0.232182 0.188472
2 0.527893 0.591120 0.051693 0.057630
1 0.298057 0.557653 0.007667 0.025157
1 0.290682 0.558699 0.005896 0.023065
1 0.313385 0.559222 0.007667 0.026204
1 0.373529 0.576519 0.005307 0.031444
1 0.343161 0.558704 0.005896 0.018870
1 0.305128 0.559222 0.006484 0.024111
1 0.376477 0.581231 0.005307 0.026204
1 0.408901 0.574954 0.008844 0.042981
1 0.420109 0.575472 0.007667 0.041926
1 0.426591 0.573898 0.006484 0.045074
1 0.433964 0.574421 0.005896 0.037731
1 0.445755 0.572856 0.007073 0.049269
1 0.458138 0.574949 0.009432 0.040880
2 0.469932 0.574949 0.016510 0.032491
2 0.452831 0.573903 0.009432 0.028306
1 0.489977 0.579139 0.015328 0.055556
2 0.487620 0.593292 0.010615 0.027250
1 0.505898 0.563940 0.008255 0.023065
2 0.500885 0.582282 0.007667 0.019917
1 0.555424 0.579144 0.012974 0.049269
1 0.547167 0.562366 0.007073 0.030398
1 0.561617 0.567606 0.006484 0.019917
2 0.586969 0.570750 0.030073 0.026204
1 0.920104 0.558699 0.014740 0.033546
1 0.882372 0.585954 0.045401 0.121593
2 0.887089 0.634694 0.065448 0.114259
1 0.850531 0.561847 0.008844 0.027250
1 0.798346 0.563944 0.009432 0.020963
1 0.731424 0.569704 0.006484 0.036685
2 0.639742 0.572324 0.024766 0.018870
2 0.622349 0.572856 0.007667 0.017824
1 0.616448 0.567611 0.004125 0.034593
2 0.658021 0.575472 0.005896 0.010481
2 0.704302 0.574421 0.025354 0.023065
2 0.716096 0.573894 0.015922 0.022009
2 0.738505 0.570231 0.007667 0.018870
1 0.726122 0.567606 0.005307 0.032491
1 0.684552 0.571278 0.005896 0.031444
2 0.684255 0.582287 0.019458 0.015722
1 0.665682 0.575991 0.010615 0.047167
2 0.667156 0.585949 0.007667 0.027250
2 0.671583 0.575472 0.004719 0.012574
