2 0.866159 0.649375 0.149766 0.099583
2 0.791865 0.601671 0.033021 0.037731
2 0.420398 0.691306 0.179245 0.265204
2 0.104362 0.557653 0.018870 0.033546
2 0.505898 0.608491 0.041276 0.047167
1 0.996203 0.631551 0.006552 0.051361
2 0.934555 0.724319 0.109672 0.157231
1 0.023880 0.534593 0.020635 0.052407
1 0.023880 0.534593 0.020635 0.052407
1 0.037734 0.519394 0.016510 0.040880
1 0.049529 0.541403 0.025943 0.093287
1 0.049529 0.541403 0.025943 0.093287
1 0.049529 0.541403 0.025943 0.093287
1 0.037734 0.519394 0.016510 0.040880
1 0.084315 0.544023 0.024766 0.064991
2 0.094339 0.578093 0.034198 0.057648
2 0.046578 0.572852 0.062500 0.063944
2 0.010615 0.568134 0.017688 0.054509
1 0.118516 0.560796 0.011792 0.060796
1 0.135320 0.561319 0.011203 0.059750
1 0.143276 0.548736 0.007073 0.032491
1 0.143276 0.548736 0.007073 0.032491
1 0.158901 0.577565 0.037146 0.142556
2 0.156253 0.617403 0.047172 0.096435
1 0.193102 0.577565 0.017099 0.090148
1 0.291570 0.582287 0.015922 0.055556
2 0.290391 0.603250 0.008844 0.036685
1 0.531544 0.600630 0.015922 0.081759
1 0.541276 0.601153 0.004719 0.032491
1 0.576651 0.608495 0.011792 0.078620
1 0.587560 0.604296 0.006484 0.036685
1 0.593161 0.604819 0.005896 0.035639
2 0.791865 0.601671 0.033021 0.037731
1 0.649763 0.616352 0.008255 0.052407
2 0.531547 0.628407 0.013562 0.053463
1 0.541865 0.601681 0.005896 0.035639
1 0.658312 0.616880 0.007667 0.053463
1 0.663620 0.619495 0.007667 0.044028
1 0.694870 0.608491 0.008844 0.034593
1 0.712263 0.604296 0.009432 0.034593
1 0.738208 0.607972 0.017688 0.048222
2 0.263563 0.572329 0.016510 0.016769
2 0.659789 0.659856 0.021224 0.091194
