2 0.005013 0.636792 0.010026 0.128935
1 0.720224 0.638889 0.076062 0.277778
2 0.707253 0.748949 0.080776 0.223269
1 0.261792 0.600102 0.035375 0.145704
2 0.260320 0.638889 0.033609 0.105870
2 0.209609 0.611111 0.077240 0.100630
2 0.180130 0.590144 0.025354 0.067083
2 0.388857 0.589620 0.028891 0.026204
2 0.522703 0.589625 0.019458 0.028306
2 0.397701 0.587005 0.022995 0.035639
2 0.412146 0.587523 0.010615 0.030398
2 0.416570 0.584903 0.010026 0.025157
2 0.423349 0.584903 0.007073 0.025157
2 0.429542 0.584384 0.008844 0.017824
2 0.517987 0.584903 0.015922 0.033546
2 0.513854 0.579662 0.019458 0.035639
2 0.467570 0.584380 0.008255 0.013630
2 0.434258 0.580718 0.012380 0.023065
1 0.441922 0.578620 0.004125 0.018870
2 0.441039 0.588569 0.002359 0.011528
2 0.446047 0.583333 0.002948 0.013630
2 0.453419 0.578616 0.008255 0.016769
2 0.449883 0.582810 0.008255 0.014676
2 0.500589 0.587005 0.007073 0.014676
