2 0.040391 0.547167 0.013562 0.031444
2 0.094339 0.559745 0.033021 0.035639
2 0.430128 0.682917 0.164505 0.248426
2 0.833135 0.635218 0.129719 0.075472
2 0.783904 0.600625 0.044224 0.037731
2 0.500589 0.605347 0.022406 0.040880
1 0.965211 0.629977 0.018870 0.044028
1 0.895341 0.621593 0.015922 0.050315
2 0.842867 0.680296 0.072526 0.100630
2 0.741453 0.633648 0.024177 0.045074
1 0.699883 0.601148 0.009432 0.026204
1 0.664802 0.605343 0.007667 0.026204
2 0.639445 0.648847 0.017099 0.083861
1 0.639154 0.615829 0.008255 0.049269
1 0.639154 0.615829 0.008255 0.049269
1 0.010615 0.519389 0.011792 0.026204
1 0.128539 0.548213 0.024766 0.071278
1 0.092570 0.535120 0.014151 0.024111
1 0.154484 0.559222 0.010615 0.042981
1 0.168630 0.555556 0.010615 0.041926
1 0.168630 0.555556 0.010615 0.041926
1 0.193987 0.571806 0.012974 0.063944
1 0.211378 0.579144 0.018276 0.080713
1 0.217865 0.567606 0.007667 0.061843
1 0.269456 0.572852 0.015328 0.087000
2 0.265034 0.603769 0.018276 0.062889
1 0.319578 0.575468 0.010615 0.035639
2 0.318396 0.596958 0.007073 0.032491
1 0.517984 0.599579 0.013562 0.067083
2 0.517396 0.620023 0.008844 0.040880
1 0.573115 0.607444 0.010615 0.074426
1 0.527419 0.599579 0.005307 0.035639
1 0.533315 0.601681 0.006484 0.033546
1 0.540094 0.607444 0.004719 0.024111
1 0.546284 0.602727 0.006484 0.033546
2 0.127062 0.580185 0.041865 0.055556
