2 0.416865 0.653565 0.114385 0.175056
2 0.840542 0.787213 0.317875 0.423481
1 0.193984 0.613731 0.069573 0.277778
2 0.185143 0.703880 0.042453 0.179241
2 0.048055 0.600630 0.096109 0.234796
1 0.540979 0.611634 0.031250 0.128935
2 0.463740 0.596435 0.035969 0.052407
2 0.489094 0.590144 0.031250 0.037731
2 0.528305 0.595394 0.018870 0.033546
2 0.560732 0.593819 0.018870 0.030398
2 0.583432 0.572847 0.035969 0.040880
1 0.573115 0.586477 0.010615 0.032491
1 0.596995 0.602727 0.013562 0.064991
1 0.758846 0.619495 0.012974 0.037731
1 0.745281 0.614255 0.016510 0.037731
1 0.722586 0.599579 0.010026 0.023065
1 0.626477 0.606394 0.017099 0.078620
1 0.645638 0.602194 0.014151 0.068130
1 0.611440 0.590144 0.012974 0.054509
2 0.610852 0.611111 0.008255 0.039833
1 0.637086 0.587523 0.006484 0.032491
1 0.656839 0.588569 0.010615 0.022009
1 0.668930 0.605352 0.015922 0.053463
2 0.667159 0.615829 0.028891 0.040880
1 0.680130 0.593819 0.008844 0.040880
1 0.673643 0.588046 0.005307 0.012574
1 0.739385 0.597486 0.007073 0.027250
1 0.470521 0.573370 0.005896 0.020963
1 0.328716 0.564463 0.011203 0.036685
2 0.330190 0.573903 0.003536 0.019917
2 0.341391 0.579144 0.007073 0.017824
1 0.346404 0.563940 0.005307 0.023065
1 0.351711 0.563421 0.005307 0.017824
1 0.375589 0.559750 0.005896 0.012574
1 0.366745 0.561315 0.004719 0.007333
1 0.349352 0.551366 0.005307 0.016769
2 0.298055 0.566565 0.012380 0.036685
1 0.289503 0.561324 0.009432 0.034593
2 0.289503 0.570227 0.009432 0.016769
