2 0.457549 0.703356 0.195755 0.289306
2 0.017099 0.772009 0.034198 0.248426
2 0.667747 0.598014 0.052474 0.028306
1 0.959680 0.625657 0.010057 0.033648
1 0.789927 0.639852 0.019521 0.043111
2 0.888047 0.770241 0.222865 0.295481
1 0.244872 0.561509 0.007099 0.037852
1 0.294854 0.565718 0.007687 0.035750
1 0.325318 0.573606 0.005917 0.045213
1 0.760945 0.645639 0.028984 0.164037
1 0.732549 0.641431 0.023068 0.147213
1 0.350237 0.568657 0.008255 0.026204
2 0.349349 0.580185 0.004125 0.015722
1 0.370578 0.570227 0.007667 0.027250
2 0.369693 0.582806 0.005896 0.012574
2 0.202831 0.574954 0.036557 0.042981
1 0.393867 0.573903 0.003536 0.028306
