2 0.991779 0.608486 0.015401 0.040880
2 0.912148 0.594338 0.048349 0.035639
2 0.883258 0.595384 0.012974 0.037731
2 0.821935 0.579667 0.109672 0.092241
2 0.821935 0.579667 0.109672 0.092241
2 0.003242 0.540875 0.006484 0.037731
2 0.161852 0.546120 0.012380 0.041926
1 0.733492 0.595907 0.018870 0.097481
2 0.754719 0.588574 0.027125 0.045074
2 0.703122 0.583333 0.046578 0.045074
2 0.349349 0.563417 0.031250 0.042981
2 0.282724 0.553458 0.019458 0.027250
1 0.260615 0.545069 0.004719 0.027250
2 0.291862 0.552407 0.015328 0.029352
2 0.298052 0.545069 0.020635 0.037731
2 0.311323 0.550310 0.005896 0.016769
2 0.316036 0.550843 0.004719 0.013630
2 0.319279 0.549264 0.006484 0.014676
