2 0.778474 0.612931 0.023656 0.045176
1 0.649680 0.582560 0.013141 0.046731
2 0.649677 0.594236 0.016646 0.032713
2 0.559870 0.598134 0.070094 0.074769
2 0.513872 0.587231 0.041182 0.056074
1 0.195826 0.580218 0.025411 0.088787
2 0.195823 0.606699 0.016646 0.063861
2 0.992146 0.595792 0.014667 0.048287
1 0.477076 0.573204 0.004380 0.031148
1 0.343461 0.571653 0.010516 0.034269
2 0.408294 0.577106 0.026286 0.032713
2 0.355724 0.571653 0.014021 0.021806
2 0.403477 0.557630 0.018401 0.031148
1 0.460424 0.572426 0.004380 0.029593
2 0.371932 0.569315 0.006135 0.014019
2 0.364484 0.566981 0.008760 0.015574
2 0.379378 0.577884 0.021026 0.018694
1 0.378943 0.563866 0.009635 0.021806
