1 0.859083 0.604366 0.009635 0.034269
2 0.820094 0.618380 0.014021 0.028037
2 0.784607 0.609810 0.058703 0.035824
2 0.714076 0.595014 0.019276 0.018694
2 0.692609 0.593458 0.009635 0.021806
2 0.700057 0.589565 0.008760 0.014019
1 0.172607 0.583333 0.019276 0.085667
1 0.184435 0.598912 0.013141 0.048287
1 0.194510 0.589560 0.029792 0.063861
1 0.228677 0.578662 0.008760 0.076324
1 0.224297 0.564639 0.008760 0.042056
2 0.297023 0.599685 0.134932 0.183796
2 0.364922 0.577102 0.007885 0.017130
2 0.370182 0.577102 0.007885 0.014019
2 0.359227 0.580995 0.005255 0.009343
1 0.483203 0.584889 0.009635 0.054519
2 0.482331 0.601241 0.002630 0.031148
2 0.476195 0.593463 0.004380 0.024926
2 0.447286 0.581778 0.014896 0.017130
2 0.411362 0.573208 0.004380 0.006231
2 0.376315 0.573208 0.011391 0.018694
2 0.385953 0.575546 0.006135 0.014019
2 0.389893 0.575546 0.003505 0.010907
2 0.392961 0.574764 0.004380 0.009343
2 0.375000 0.575546 0.007010 0.014019
2 0.399971 0.574764 0.002630 0.009343
