2 0.878276 0.799269 0.242406 0.397278
2 0.878276 0.799269 0.242406 0.397278
1 0.522406 0.653565 0.086083 0.275685
2 0.526240 0.743713 0.047760 0.154093
1 0.443984 0.607963 0.033021 0.140463
1 0.931307 0.582282 0.025354 0.049269
1 0.887969 0.588569 0.011792 0.072324
1 0.879422 0.621593 0.013562 0.031444
1 0.875589 0.588569 0.023583 0.061843
2 0.860557 0.634699 0.030073 0.049269
2 0.843159 0.606398 0.043630 0.034593
1 0.800414 0.593292 0.010026 0.046120
1 0.792156 0.594343 0.007667 0.041926
2 0.730245 0.597486 0.026531 0.033546
2 0.755602 0.593810 0.015922 0.032491
2 0.766805 0.594866 0.015922 0.028306
2 0.775357 0.595917 0.012974 0.024111
2 0.778299 0.591718 0.015328 0.030398
1 0.717570 0.594343 0.014151 0.050315
1 0.705482 0.593287 0.006484 0.052407
2 0.698112 0.588579 0.009432 0.019917
1 0.688091 0.581764 0.015328 0.023065
2 0.696638 0.606394 0.012380 0.028306
1 0.669813 0.598009 0.028302 0.095389
2 0.670990 0.623685 0.057781 0.060796
2 0.643279 0.589097 0.025943 0.023065
2 0.626477 0.585954 0.015922 0.018870
2 0.571641 0.592769 0.064271 0.057648
1 0.429542 0.596963 0.024177 0.137315
1 0.327242 0.593296 0.024766 0.119500
1 0.347289 0.594338 0.025943 0.106917
1 0.402122 0.606917 0.031839 0.102722
1 0.261794 0.596435 0.018870 0.109019
1 0.239977 0.601681 0.031839 0.104824
1 0.051888 0.557653 0.020047 0.085954
1 0.037737 0.557648 0.014151 0.081759
1 0.112914 0.557653 0.018276 0.088046
1 0.193693 0.560796 0.014740 0.050315
2 0.192216 0.574421 0.018870 0.033546
1 0.211971 0.561843 0.015922 0.058704
2 0.210201 0.577042 0.017099 0.040880
1 0.354362 0.577565 0.009432 0.041926
2 0.367628 0.613736 0.028891 0.059750
2 0.401240 0.582282 0.008844 0.028306
1 0.403302 0.564986 0.011792 0.027250
2 0.390625 0.579662 0.008844 0.016769
1 0.373526 0.572324 0.008844 0.041926
1 0.361732 0.569704 0.005307 0.045074
2 0.392690 0.618454 0.015328 0.039833
2 0.397112 0.637319 0.015922 0.023065
1 0.461083 0.571801 0.005896 0.009435
1 0.456367 0.565514 0.003536 0.011528
1 0.502654 0.577046 0.018276 0.063944
1 0.500297 0.655139 0.013562 0.031444
1 0.587854 0.575468 0.004719 0.016769
1 0.615568 0.587528 0.011792 0.047167
2 0.617633 0.599583 0.027714 0.029352
2 0.600237 0.585949 0.020047 0.027250
1 0.381779 0.559750 0.005307 0.010481
1 0.145339 0.557653 0.004125 0.025157
2 0.878276 0.799269 0.242406 0.397278
2 0.878276 0.799269 0.242406 0.397278
