2 0.176589 0.652514 0.225823 0.212787
2 0.459315 0.703875 0.201651 0.292454
2 0.664802 0.596963 0.053656 0.026204
1 0.948893 0.627722 0.010516 0.043611
1 0.728969 0.635509 0.017521 0.056074
1 0.728969 0.635509 0.017521 0.056074
2 0.875177 0.764796 0.248604 0.292833
1 0.708380 0.602028 0.030667 0.082556
1 0.697432 0.585667 0.014021 0.040500
1 0.327250 0.573208 0.006135 0.046731
1 0.247052 0.549787 0.007073 0.015722
1 0.297167 0.566037 0.007073 0.031444
1 0.379422 0.571282 0.004125 0.023065
2 0.379422 0.580185 0.001771 0.015722
1 0.364385 0.568130 0.004719 0.020963
2 0.360849 0.579139 0.004719 0.015722
