2 0.893573 0.638889 0.089031 0.118444
2 0.520344 0.675579 0.155073 0.223269
2 0.476711 0.582806 0.052474 0.052407
2 0.221109 0.570755 0.050708 0.032491
2 0.280367 0.564991 0.022995 0.018870
2 0.592865 0.562889 0.013562 0.020963
2 0.593456 0.580718 0.010026 0.014676
2 0.433370 0.570755 0.017688 0.030398
2 0.398289 0.574944 0.028891 0.024111
2 0.374411 0.575468 0.017688 0.025157
2 0.353185 0.573903 0.041276 0.030398
1 0.321555 0.573986 0.010516 0.045176
1 0.330755 0.577102 0.007885 0.042056
1 0.416177 0.575542 0.008760 0.048287
1 0.416177 0.575542 0.008760 0.048287
1 0.422310 0.576324 0.005255 0.040500
1 0.445969 0.580995 0.014021 0.034269
1 0.455172 0.571653 0.006135 0.018694
1 0.455172 0.571653 0.006135 0.018694
1 0.693396 0.569704 0.005896 0.013630
1 0.155070 0.568662 0.015328 0.038787
2 0.156547 0.580713 0.024177 0.029352
