3 0.153010 0.674528 0.274177 0.307130
3 0.228773 0.653042 0.161557 0.194972
3 0.772406 0.612690 0.141510 0.139417
3 0.895344 0.589093 0.041865 0.052407
3 0.976154 0.622111 0.046651 0.107963
2 0.610552 0.531444 0.019458 0.052407
2 0.624117 0.459116 0.015922 0.046120
3 0.623526 0.589097 0.066625 0.085954
3 0.532724 0.553986 0.053656 0.072324
3 0.505307 0.546648 0.023583 0.053463
3 0.405070 0.534065 0.037734 0.042981
1 0.858492 0.715935 0.088443 0.415093
1 0.934846 0.739519 0.103182 0.439204
1 0.414802 0.537208 0.013562 0.040880
1 0.450471 0.549796 0.012974 0.063944
1 0.485258 0.547167 0.014151 0.060796
1 0.430128 0.548218 0.011203 0.054509
1 0.509729 0.534588 0.008844 0.025157
1 0.468161 0.547694 0.011792 0.066037
