2 0.902120 0.390986 0.035375 0.056602
2 0.909789 0.316032 0.043630 0.082806
2 0.490568 0.470653 0.023583 0.064991
2 0.488503 0.518866 0.010026 0.025157
2 0.415388 0.495282 0.011203 0.022009
2 0.415391 0.512574 0.008844 0.010481
2 0.004716 0.448116 0.009432 0.030398
2 0.273289 0.538255 0.005307 0.011528
2 0.065451 0.447065 0.008255 0.013630
3 0.457253 0.609014 0.106724 0.148843
3 0.189859 0.588051 0.132073 0.115306
3 0.040388 0.575477 0.080776 0.144657
1 0.029482 0.491616 0.008255 0.025157
3 0.733784 0.607972 0.015922 0.058704
1 0.304833 0.564991 0.010615 0.031444
3 0.754719 0.608495 0.027125 0.059750
3 0.783016 0.609014 0.023583 0.054509
3 0.767984 0.565514 0.020635 0.022009
1 0.294812 0.554509 0.007073 0.012574
