2 0.571698 0.478977 0.009635 0.032713
1 0.774091 0.613713 0.044682 0.233648
2 0.397781 0.555296 0.014021 0.026481
2 0.156836 0.482088 0.012266 0.023361
2 0.141065 0.433806 0.012266 0.038944
3 0.854703 0.615269 0.141062 0.177574
3 0.754380 0.585671 0.029792 0.102806
3 0.854703 0.615269 0.141062 0.177574
3 0.930815 0.619935 0.137328 0.168222
1 0.551549 0.572431 0.018401 0.079435
3 0.547167 0.587231 0.014896 0.056074
3 0.417057 0.543616 0.014021 0.018694
1 0.463055 0.545171 0.004380 0.018694
3 0.251023 0.586449 0.106016 0.107472
