3 0.122346 0.559222 0.244693 0.124741
3 0.122346 0.559222 0.244693 0.124741
3 0.575469 0.566032 0.029479 0.037731
3 0.623818 0.560801 0.017688 0.023065
3 0.636789 0.560273 0.009432 0.017824
3 0.623818 0.560801 0.017688 0.023065
1 0.344339 0.553981 0.023583 0.066037
1 0.883547 0.610060 0.026531 0.127880
3 0.343747 0.583333 0.031839 0.047167
1 0.539799 0.553458 0.006484 0.035639
1 0.529479 0.551356 0.007073 0.037731
1 0.717568 0.568662 0.007073 0.040880
1 0.678659 0.567083 0.012974 0.050315
3 0.678065 0.587532 0.003536 0.028306
1 0.724646 0.575995 0.011792 0.059750
1 0.742628 0.573903 0.018276 0.059750
1 0.751766 0.573898 0.007073 0.057648
1 0.689266 0.567616 0.007073 0.038787
3 0.688385 0.580185 0.001771 0.015722
2 0.744695 0.433963 0.031839 0.058704
