3 0.245281 0.596435 0.392688 0.343815
3 0.960529 0.642560 0.077901 0.075472
3 0.778005 0.614782 0.173937 0.089102
3 0.428948 0.587005 0.038323 0.085954
2 0.876474 0.459120 0.014740 0.039833
2 0.877357 0.493185 0.014151 0.026204
2 0.591685 0.539833 0.033609 0.020963
2 0.558667 0.413523 0.014740 0.032491
2 0.546875 0.471699 0.037146 0.083861
2 0.558667 0.413523 0.014740 0.032491
2 0.544810 0.522542 0.036557 0.017824
2 0.545109 0.522542 0.035969 0.017824
2 0.545695 0.537736 0.034786 0.016769
2 0.545109 0.522542 0.035969 0.017824
1 0.656687 0.570097 0.009635 0.046731
1 0.665888 0.571653 0.010516 0.046731
1 0.472253 0.558412 0.057828 0.032713
3 0.738169 0.572435 0.044682 0.026481
3 0.770148 0.566204 0.021026 0.010907
3 0.782857 0.565421 0.018401 0.009343
3 0.849448 0.571648 0.021906 0.015574
2 0.804539 0.541926 0.006484 0.010481
2 0.803068 0.552931 0.004719 0.011528
1 0.597286 0.561847 0.004719 0.023065
3 0.596698 0.568134 0.001177 0.016769
