3 0.031250 0.644130 0.062500 0.248426
3 0.115565 0.603773 0.231130 0.218028
3 0.189859 0.568139 0.180427 0.190778
1 0.289505 0.588574 0.044813 0.185537
1 0.325474 0.591718 0.038917 0.162472
1 0.535081 0.576523 0.027714 0.115306
1 0.560438 0.571273 0.025354 0.127880
1 0.357607 0.561843 0.017099 0.071278
1 0.372937 0.560796 0.013562 0.069185
1 0.414211 0.558699 0.012380 0.073380
3 0.347289 0.567616 0.014151 0.028306
3 0.365862 0.557648 0.010026 0.039833
3 0.365862 0.557648 0.010026 0.039833
3 0.392984 0.557130 0.030073 0.042981
3 0.421872 0.562370 0.006484 0.013630
