2 0.864977 0.404093 0.103776 0.105870
2 0.556604 0.527778 0.007073 0.013630
2 0.598174 0.517815 0.011203 0.020963
3 0.839622 0.568653 0.043630 0.032491
3 0.792451 0.567088 0.048349 0.023065
3 0.522406 0.550310 0.011792 0.027250
3 0.186911 0.553981 0.117927 0.076519
3 0.313385 0.555037 0.076062 0.063944
1 0.030070 0.656713 0.060141 0.428722
1 0.054833 0.516245 0.011792 0.049269
1 0.065154 0.514676 0.010026 0.052407
1 0.689857 0.569181 0.014151 0.054509
1 0.747643 0.579662 0.014151 0.056602
1 0.728482 0.575477 0.010026 0.064991
