3 0.050117 0.516773 0.100234 0.278824
3 0.163914 0.503148 0.012974 0.010481
1 0.477888 0.585949 0.021818 0.138361
1 0.422466 0.589625 0.040682 0.170861
1 0.101711 0.544546 0.012380 0.047167
1 0.125591 0.519398 0.012974 0.063944
1 0.153596 0.520963 0.017099 0.062889
1 0.164505 0.517824 0.005896 0.018870
1 0.224648 0.575472 0.041276 0.159333
1 0.395049 0.579139 0.024766 0.168759
1 0.409495 0.533014 0.008844 0.040880
1 0.380893 0.569185 0.021224 0.111111
1 0.287438 0.566556 0.038323 0.179241
1 0.266510 0.548745 0.010615 0.070231
