3 0.933406 0.623167 0.132146 0.135222
3 0.844044 0.601681 0.109078 0.096435
2 0.635021 0.479037 0.017688 0.031444
3 0.481719 0.574421 0.063677 0.094343
3 0.477003 0.524106 0.031839 0.014676
3 0.388560 0.544546 0.031839 0.045074
3 0.430130 0.545069 0.019458 0.025157
3 0.440742 0.536162 0.006484 0.009435
3 0.454893 0.543505 0.010026 0.019917
3 0.521521 0.548218 0.008844 0.014676
1 0.545854 0.556852 0.014021 0.054519
1 0.545854 0.556852 0.014021 0.054519
3 0.546729 0.571653 0.008760 0.021806
3 0.803362 0.530921 0.146818 0.091194
