2 0.739977 0.377356 0.058964 0.157231
2 0.736734 0.491088 0.024177 0.059750
2 0.545987 0.460167 0.021224 0.041926
2 0.545695 0.493185 0.018276 0.024111
2 0.066036 0.419810 0.011792 0.019917
2 0.351711 0.542972 0.006484 0.012574
2 0.298937 0.535120 0.007073 0.013630
2 0.352003 0.523056 0.003536 0.012574
2 0.285378 0.545597 0.003536 0.009435
3 0.114979 0.566565 0.022406 0.026204
3 0.390625 0.620023 0.116156 0.162472
1 0.301841 0.554519 0.004380 0.024926
3 0.202393 0.543616 0.026286 0.037380
3 0.189255 0.539718 0.007010 0.032713
3 0.155083 0.553736 0.015771 0.020250
