2 0.040096 0.367403 0.014151 0.061843
2 0.022112 0.419282 0.011203 0.027250
3 0.160083 0.590148 0.320167 0.335426
3 0.050414 0.486375 0.090214 0.104824
3 0.864716 0.717505 0.269526 0.414046
3 0.701060 0.624741 0.121464 0.163519
3 0.635023 0.612685 0.053068 0.097481
3 0.489091 0.584384 0.073703 0.110065
3 0.628536 0.589102 0.096698 0.098537
3 0.606424 0.561319 0.079599 0.082806
3 0.583727 0.578620 0.015328 0.050315
3 0.558961 0.569704 0.020047 0.047167
3 0.404185 0.565514 0.080776 0.078620
3 0.344044 0.552407 0.027714 0.039833
3 0.326945 0.543505 0.022995 0.040880
3 0.347878 0.535644 0.031839 0.035639
3 0.364094 0.538259 0.019458 0.034593
3 0.443398 0.545597 0.025943 0.040880
3 0.462266 0.531972 0.034198 0.024111
1 0.689984 0.538940 0.016646 0.034269
1 0.716984 0.523583 0.004719 0.036685
2 0.631193 0.506292 0.007667 0.025157
