3 0.089328 0.663523 0.178656 0.299787
3 0.243219 0.602199 0.149177 0.139417
3 0.370281 0.576000 0.040094 0.063944
3 0.827570 0.734282 0.343818 0.321806
3 0.636206 0.613727 0.127359 0.143602
3 0.572818 0.594343 0.053656 0.100630
3 0.543339 0.572847 0.038323 0.072324
3 0.487911 0.612685 0.094927 0.156185
3 0.525352 0.550838 0.008255 0.019917
2 0.877357 0.421384 0.042453 0.037731
2 0.876768 0.375787 0.041276 0.047167
2 0.877065 0.308181 0.050120 0.085954
2 0.092865 0.331759 0.038323 0.084907
1 0.040302 0.500782 0.038552 0.032713
3 0.336010 0.611366 0.021906 0.091898
1 0.257594 0.520250 0.014021 0.015574
1 0.238753 0.524921 0.013141 0.009343
2 0.542453 0.505241 0.004719 0.012574
1 0.040682 0.501051 0.040094 0.035639
1 0.335789 0.574426 0.028891 0.132074
3 0.336674 0.611116 0.024766 0.094343
3 0.352299 0.584380 0.012380 0.068130
3 0.352299 0.584380 0.012380 0.068130
3 0.319578 0.579144 0.027125 0.078620
3 0.504672 0.536602 0.038552 0.029593
