2 0.144456 0.578088 0.060141 0.101676
3 0.902714 0.597481 0.045990 0.050315
2 0.537734 0.496329 0.016510 0.030398
2 0.537146 0.522009 0.010615 0.020963
2 0.513854 0.513630 0.019458 0.018870
2 0.513854 0.534597 0.019458 0.023065
2 0.350529 0.397796 0.067807 0.147796
3 0.312206 0.566560 0.056016 0.059750
3 0.462263 0.566032 0.025943 0.037731
3 0.432781 0.554514 0.016510 0.023065
3 0.493513 0.557130 0.009432 0.015722
3 0.482310 0.553986 0.008255 0.011528
1 0.571346 0.571801 0.024766 0.122639
1 0.548052 0.579667 0.019458 0.109019
