3 0.895081 0.725889 0.208797 0.376315
3 0.759141 0.640468 0.183375 0.194972
3 0.684258 0.614778 0.080776 0.145704
3 0.455779 0.591199 0.075474 0.115306
3 0.324883 0.518343 0.094339 0.095389
3 0.231430 0.511532 0.096109 0.077565
3 0.641214 0.604301 0.048937 0.112157
3 0.604068 0.592773 0.070167 0.089102
3 0.576063 0.580190 0.097875 0.089102
3 0.478185 0.549264 0.041276 0.046120
3 0.425414 0.548745 0.034786 0.059750
3 0.386206 0.550310 0.018870 0.027250
3 0.381190 0.537213 0.018276 0.024111
3 0.397995 0.540352 0.017688 0.026204
3 0.527122 0.563417 0.009432 0.024111
3 0.538622 0.541403 0.015922 0.017824
1 0.095503 0.532708 0.019276 0.074769
1 0.095503 0.532708 0.019276 0.074769
1 0.095503 0.532708 0.019276 0.074769
1 0.077104 0.531931 0.015771 0.076324
2 0.663328 0.484278 0.016510 0.039833
2 0.270638 0.461213 0.008255 0.029352
