2 0.592865 0.423477 0.019458 0.037731
2 0.544813 0.477463 0.011792 0.024111
2 0.333138 0.487944 0.024766 0.024111
2 0.333135 0.505764 0.023583 0.009435
2 0.332841 0.515722 0.022995 0.010481
2 0.331958 0.525157 0.023583 0.010481
2 0.484078 0.514676 0.029479 0.062889
3 0.195758 0.572852 0.115568 0.166667
3 0.871792 0.661426 0.255375 0.270444
3 0.826651 0.613731 0.261792 0.166667
3 0.731135 0.593815 0.163917 0.147796
3 0.627654 0.607444 0.056016 0.076519
3 0.803654 0.544023 0.049526 0.033546
3 0.561029 0.546648 0.033609 0.042981
3 0.525057 0.539310 0.014740 0.022009
3 0.422169 0.527778 0.024766 0.015722
3 0.258552 0.528829 0.024177 0.017824
3 0.151237 0.528829 0.017099 0.030398
1 0.114091 0.522542 0.005307 0.028306
1 0.107901 0.521486 0.005896 0.028306
