1 0.235260 0.619500 0.051885 0.241093
3 0.496461 0.618972 0.047172 0.084907
2 0.405661 0.511528 0.007073 0.018870
2 0.328422 0.512056 0.010615 0.024111
2 0.327831 0.529352 0.008255 0.008389
1 0.266508 0.610060 0.043630 0.228509
3 0.597289 0.639940 0.071932 0.078620
2 0.134138 0.465931 0.005307 0.017824
2 0.132667 0.481653 0.005896 0.011528
3 0.662440 0.654088 0.052474 0.075472
3 0.711971 0.658282 0.063089 0.073380
3 0.795990 0.662472 0.074292 0.098537
3 0.844044 0.682394 0.022995 0.083861
1 0.901828 0.708069 0.099646 0.464361
3 0.971109 0.689199 0.027125 0.080713
1 0.905956 0.708069 0.107901 0.464361
1 0.423349 0.599060 0.022406 0.099583
1 0.068099 0.598532 0.089031 0.356398
1 0.013266 0.589620 0.026531 0.326000
1 0.384138 0.598537 0.022995 0.090148
1 0.300706 0.588574 0.009432 0.034593
1 0.291568 0.590148 0.007667 0.029352
2 0.198703 0.525685 0.005896 0.013630
1 0.219042 0.562375 0.020635 0.078620
1 0.219042 0.562375 0.020635 0.078620
1 0.176299 0.588574 0.036557 0.158278
1 0.161852 0.547694 0.011203 0.024111
1 0.139151 0.587528 0.029479 0.137315
3 0.158018 0.578620 0.012974 0.048222
3 0.119987 0.568662 0.017099 0.040880
