2 0.921289 0.330218 0.067464 0.115269
2 0.898070 0.508569 0.019276 0.035824
2 0.774094 0.478972 0.007885 0.014019
2 0.637411 0.508565 0.009635 0.026481
1 0.810021 0.556074 0.021906 0.081000
3 0.488464 0.609028 0.109521 0.183796
3 0.474885 0.507014 0.031542 0.032713
3 0.050380 0.552181 0.100760 0.116824
3 0.134490 0.549065 0.086740 0.085667
3 0.184435 0.558412 0.041182 0.051398
3 0.217727 0.545949 0.051693 0.060750
1 0.359667 0.515574 0.006135 0.015574
3 0.283003 0.542051 0.036797 0.037380
3 0.353534 0.532713 0.020151 0.028037
3 0.371932 0.531153 0.016646 0.021806
3 0.378068 0.531153 0.014896 0.018694
