3 0.052771 0.675056 0.105542 0.331241
2 0.676591 0.494764 0.010026 0.014676
2 0.676591 0.478514 0.010026 0.017824
2 0.677474 0.453880 0.011792 0.031444
3 0.452828 0.595912 0.108490 0.149898
3 0.915719 0.773583 0.167521 0.362685
3 0.806313 0.637843 0.274177 0.277778
3 0.589328 0.595389 0.145635 0.113204
3 0.643867 0.572856 0.042453 0.059750
3 0.553065 0.529870 0.054245 0.047167
3 0.517687 0.531440 0.017688 0.037731
1 0.198016 0.535042 0.014021 0.107472
1 0.260221 0.520250 0.012266 0.052963
1 0.405667 0.533491 0.008760 0.038944
2 0.229659 0.459120 0.011203 0.018870
2 0.412146 0.498949 0.005896 0.014676
