2 0.382013 0.468843 0.033297 0.071648
2 0.381133 0.543616 0.012266 0.021806
2 0.814398 0.309190 0.058703 0.147972
2 0.707070 0.516356 0.010516 0.020250
2 0.574331 0.497662 0.011391 0.020250
2 0.557680 0.463394 0.013141 0.023361
2 0.506427 0.541278 0.007010 0.014019
3 0.704000 0.598130 0.155083 0.127722
3 0.361419 0.556856 0.034172 0.045176
1 0.089370 0.363704 0.008760 0.014019
1 0.314984 0.549065 0.007885 0.042056
3 0.895880 0.566981 0.062208 0.096574
3 0.977367 0.573213 0.020151 0.052963
1 0.321990 0.545171 0.009635 0.049843
