3 0.943518 0.760903 0.111922 0.378509
3 0.849008 0.656542 0.285630 0.366046
3 0.728969 0.604361 0.205021 0.221185
3 0.587031 0.566972 0.117406 0.127722
3 0.526138 0.556847 0.049943 0.107472
3 0.526138 0.556847 0.049943 0.107472
1 0.042932 0.518690 0.054323 0.214954
1 0.087177 0.524926 0.039427 0.193148
1 0.168664 0.588782 0.081484 0.286602
1 0.216411 0.600472 0.071844 0.247667
3 0.130109 0.556069 0.037677 0.065417
1 0.377190 0.523361 0.013141 0.068537
3 0.252336 0.575551 0.028036 0.157324
3 0.208091 0.515579 0.025411 0.074769
3 0.267229 0.537380 0.054323 0.112148
3 0.138872 0.489097 0.067464 0.062306
3 0.140625 0.504676 0.037677 0.024926
3 0.339518 0.508565 0.025411 0.026481
3 0.383326 0.503889 0.051693 0.085667
3 0.130109 0.531157 0.046437 0.040500
1 0.073161 0.499995 0.021906 0.133954
1 0.420120 0.518690 0.009635 0.046731
1 0.271172 0.480528 0.009635 0.010907
1 0.423625 0.521028 0.009635 0.042056
