2 0.029185 0.503667 0.040682 0.063944
3 0.815742 0.627361 0.039505 0.036685
3 0.816331 0.578616 0.017099 0.016769
1 0.193195 0.554523 0.097255 0.087231
1 0.270737 0.540505 0.021026 0.059194
1 0.281250 0.561532 0.014021 0.032713
1 0.297458 0.527259 0.014896 0.029593
1 0.374562 0.559968 0.014896 0.023361
1 0.495474 0.589569 0.092000 0.073213
3 0.799943 0.693144 0.157708 0.190028
1 0.795997 0.634736 0.097255 0.281935
1 0.991708 0.615269 0.015542 0.109037
1 0.887995 0.633958 0.069219 0.202491
3 0.886682 0.669778 0.078854 0.155759
1 0.695677 0.611366 0.038552 0.176009
1 0.750000 0.588009 0.022781 0.057630
1 0.690857 0.602028 0.020151 0.166667
