2 0.669219 0.492667 0.011792 0.018870
3 0.444279 0.585435 0.107901 0.235852
3 0.199883 0.610583 0.202828 0.229556
3 0.017688 0.581236 0.035375 0.131028
3 0.050120 0.588046 0.084906 0.142556
3 0.050120 0.588046 0.084906 0.142556
3 0.090211 0.553463 0.140328 0.121593
3 0.297466 0.562370 0.011203 0.055556
3 0.375297 0.556606 0.031250 0.035639
3 0.362026 0.546644 0.011792 0.019917
3 0.347586 0.542977 0.021818 0.037731
1 0.352299 0.548745 0.010026 0.038787
1 0.399763 0.550843 0.008255 0.034593
1 0.390917 0.546644 0.007073 0.038787
1 0.444281 0.622644 0.066625 0.207546
1 0.503242 0.559227 0.011203 0.049269
1 0.914208 0.599056 0.037146 0.124741
1 0.882961 0.577565 0.022995 0.092241
3 0.731130 0.589097 0.010615 0.025157
3 0.752948 0.583338 0.004719 0.019917
1 0.744102 0.579662 0.025943 0.094343
1 0.691333 0.567611 0.013562 0.066037
3 0.649471 0.576514 0.028891 0.037731
3 0.522995 0.559750 0.005896 0.058704
1 0.522995 0.559750 0.005896 0.058704
1 0.545698 0.560269 0.008844 0.055556
1 0.558669 0.563412 0.011203 0.051361
1 0.591688 0.563412 0.013562 0.061843
1 0.608195 0.566037 0.012380 0.060796
2 0.586966 0.510486 0.006484 0.014676
1 0.573703 0.563940 0.010615 0.056602
3 0.335495 0.544551 0.011792 0.022009
3 0.325766 0.543495 0.013562 0.022009
