3 0.096698 0.463838 0.193396 0.504194
3 0.473466 0.604301 0.082547 0.128935
3 0.175234 0.463838 0.350469 0.504194
3 0.175234 0.463838 0.350469 0.504194
1 0.623831 0.577097 0.012266 0.079435
1 0.579583 0.570097 0.009635 0.049843
1 0.571698 0.567755 0.009635 0.051398
1 0.520883 0.567755 0.004380 0.020250
1 0.516060 0.567759 0.005255 0.026481
3 0.175234 0.463838 0.350469 0.504194
3 0.175234 0.463838 0.350469 0.504194
1 0.419516 0.563417 0.004125 0.015722
3 0.419219 0.572324 0.001177 0.008389
1 0.540094 0.573375 0.011792 0.056602
3 0.540388 0.589620 0.006484 0.034593
3 0.540388 0.589620 0.006484 0.034593
1 0.358789 0.558181 0.010026 0.038787
3 0.359081 0.571801 0.008255 0.028306
1 0.407133 0.562370 0.005307 0.026204
3 0.407135 0.569181 0.004125 0.016769
1 0.414797 0.561319 0.004125 0.017824
3 0.413620 0.570227 0.002948 0.014676
