3 0.172760 0.457551 0.345521 0.535639
3 0.172760 0.457551 0.345521 0.535639
3 0.474354 0.602722 0.081958 0.129981
1 0.623833 0.576319 0.014021 0.077880
1 0.580021 0.570097 0.008760 0.049843
1 0.570823 0.566977 0.007885 0.049843
1 0.521320 0.569319 0.005255 0.020250
1 0.419247 0.566199 0.004380 0.023361
1 0.516065 0.566977 0.003505 0.021806
1 0.358198 0.561324 0.008844 0.045074
3 0.357904 0.571278 0.008255 0.031444
1 0.539505 0.573898 0.011792 0.055556
3 0.540977 0.589097 0.006484 0.035639
1 0.406544 0.561847 0.005307 0.025157
3 0.407135 0.569704 0.001771 0.015722
1 0.414208 0.561319 0.004125 0.017824
3 0.413911 0.570759 0.001177 0.013630
1 0.419247 0.563083 0.004380 0.017130
3 0.418924 0.572852 0.000589 0.007333
