3 0.494398 0.576519 0.113797 0.142556
3 0.301003 0.520435 0.034786 0.097481
3 0.301003 0.520435 0.034786 0.097481
1 0.831076 0.705972 0.140922 0.430815
1 0.436914 0.558171 0.012974 0.072324
1 0.323997 0.536685 0.012380 0.060796
1 0.339622 0.527773 0.015328 0.040880
1 0.363797 0.545069 0.011792 0.056602
1 0.374706 0.547167 0.010026 0.052407
1 0.372049 0.524634 0.009432 0.019917
3 0.338737 0.561324 0.010026 0.053463
3 0.324292 0.551884 0.017688 0.040880
3 0.301003 0.520435 0.034786 0.097481
3 0.301003 0.520435 0.034786 0.097481
