2 0.037237 0.288162 0.018401 0.034269
3 0.593607 0.570088 0.034172 0.065417
1 0.573013 0.584111 0.028036 0.112148
1 0.544979 0.574769 0.022781 0.099685
2 0.506865 0.486764 0.006135 0.020250
2 0.505984 0.517912 0.009635 0.020250
2 0.434141 0.503889 0.009635 0.017130
2 0.427133 0.518694 0.004380 0.012463
3 0.382448 0.620713 0.123542 0.194704
3 0.347839 0.514019 0.022781 0.043611
3 0.284318 0.532704 0.023656 0.031148
3 0.212909 0.535051 0.028036 0.032713
3 0.265919 0.519472 0.011391 0.017130
3 0.216849 0.522583 0.009635 0.014019
3 0.230872 0.532704 0.011391 0.031148
3 0.230872 0.532704 0.011391 0.031148
3 0.240068 0.533486 0.008760 0.020250
3 0.247516 0.528042 0.014896 0.018694
3 0.321115 0.507782 0.006135 0.009343
3 0.321115 0.507782 0.006135 0.009343
