2 0.841560 0.442370 0.034172 0.028037
2 0.207651 0.273366 0.133177 0.281935
2 0.841560 0.472741 0.028911 0.026481
2 0.841560 0.391741 0.041182 0.070093
2 0.814398 0.272588 0.049943 0.090343
2 0.207214 0.559968 0.053448 0.088787
2 0.511242 0.535042 0.013141 0.023361
2 0.512120 0.552958 0.009635 0.009343
3 0.331630 0.556074 0.030667 0.040500
3 0.954471 0.586444 0.090016 0.169778
3 0.717141 0.543611 0.095500 0.099685
3 0.741677 0.517917 0.093750 0.070093
3 0.901141 0.549060 0.084990 0.091898
3 0.901141 0.549060 0.084990 0.091898
1 0.788990 0.573991 0.062208 0.123056
