2 0.302771 0.375259 0.014740 0.069185
2 0.105544 0.349579 0.024766 0.040880
2 0.851414 0.387315 0.041276 0.066037
2 0.849354 0.443394 0.030073 0.037731
2 0.848174 0.486898 0.027714 0.045074
2 0.102594 0.378931 0.017688 0.017824
1 0.553656 0.564986 0.028302 0.157231
3 0.227591 0.542458 0.077828 0.099583
3 0.082841 0.593810 0.165682 0.284065
3 0.279187 0.540880 0.077240 0.102722
3 0.360852 0.548741 0.058964 0.074426
3 0.398880 0.559227 0.024177 0.059750
3 0.412148 0.555556 0.014151 0.079667
3 0.442807 0.556602 0.038917 0.090148
3 0.500589 0.554509 0.057781 0.071278
1 0.467865 0.552935 0.031250 0.158278
1 0.510906 0.523060 0.014740 0.025157
1 0.534495 0.551884 0.019458 0.101676
2 0.782133 0.573375 0.045401 0.067083
1 0.694576 0.565514 0.009432 0.040880
1 0.680130 0.567088 0.007667 0.035639
1 0.672466 0.557648 0.006484 0.031444
1 0.664211 0.554509 0.005307 0.031444
1 0.652419 0.558699 0.006484 0.033546
1 0.644161 0.553463 0.004125 0.029352
1 0.635612 0.547694 0.003536 0.015722
