3 0.116156 0.646227 0.232313 0.281972
3 0.454596 0.595912 0.106130 0.143602
3 0.818430 0.700208 0.362099 0.389935
3 0.649471 0.603769 0.124411 0.182389
3 0.543339 0.582806 0.092573 0.090148
3 0.579302 0.567611 0.038323 0.053463
2 0.616745 0.467505 0.010615 0.027250
1 0.215099 0.521028 0.014896 0.066981
2 0.615505 0.468847 0.009635 0.021806
1 0.383323 0.531153 0.007885 0.037380
1 0.250148 0.519468 0.011391 0.051398
2 0.233198 0.464880 0.008844 0.015722
2 0.391216 0.499481 0.005307 0.013630
3 0.526141 0.528819 0.053448 0.045176
2 0.504674 0.507787 0.003505 0.012463
2 0.616385 0.489880 0.007885 0.014019
2 0.615948 0.502343 0.007010 0.010907
