1 0.142391 0.542972 0.032427 0.153037
1 0.175706 0.553986 0.037734 0.133120
2 0.602891 0.512574 0.007667 0.020963
1 0.112029 0.510481 0.037734 0.092241
3 0.110555 0.567611 0.052474 0.095389
3 0.163031 0.532495 0.020635 0.073380
3 0.204305 0.547167 0.028891 0.041926
1 0.316039 0.533019 0.009432 0.068130
3 0.484672 0.601681 0.089625 0.134176
1 0.364680 0.544028 0.018276 0.060796
3 0.362026 0.564986 0.011792 0.046120
1 0.392102 0.545597 0.014151 0.049269
3 0.389448 0.561847 0.008844 0.037731
3 0.380010 0.539838 0.013562 0.023065
3 0.410966 0.542449 0.024766 0.032491
3 0.485852 0.529880 0.030661 0.013630
1 0.631190 0.561843 0.022995 0.109019
1 0.652714 0.533023 0.011792 0.030398
3 0.609966 0.578616 0.017099 0.067083
3 0.532133 0.529352 0.074880 0.102722
2 0.561320 0.492139 0.015328 0.036685
3 0.588148 0.569181 0.012380 0.035639
