2 0.048646 0.505764 0.035969 0.017824
2 0.263857 0.479037 0.017099 0.029352
2 0.048646 0.523060 0.035969 0.016769
2 0.047167 0.540356 0.035375 0.017824
2 0.048057 0.558176 0.035969 0.015722
2 0.049529 0.488472 0.036557 0.018870
2 0.872935 0.609532 0.061911 0.093287
2 0.915979 0.436583 0.160969 0.076519
2 0.914799 0.349060 0.159786 0.083861
1 0.849354 0.565514 0.013562 0.040880
1 0.533607 0.572852 0.020047 0.076519
3 0.323409 0.549264 0.015922 0.016769
1 0.283609 0.557130 0.011792 0.045074
3 0.283904 0.568657 0.010026 0.024111
1 0.231719 0.547690 0.007073 0.030398
1 0.241745 0.548218 0.005896 0.027250
3 0.211672 0.561319 0.040094 0.040880
1 0.351417 0.554509 0.005896 0.041926
1 0.334906 0.552935 0.007073 0.024111
3 0.334315 0.563940 0.003536 0.014676
2 0.263563 0.502102 0.011792 0.008389
2 0.263563 0.513630 0.011792 0.010481
2 0.262969 0.527250 0.011792 0.010481
