3 0.946969 0.868977 0.105021 0.207546
3 0.946969 0.868977 0.105021 0.207546
3 0.814562 0.676102 0.214031 0.182389
3 0.708138 0.637843 0.106130 0.116352
3 0.664505 0.606917 0.126177 0.113204
3 0.600237 0.617926 0.018870 0.053463
3 0.474943 0.605866 0.089031 0.127880
3 0.342865 0.582806 0.081958 0.090148
3 0.379422 0.529875 0.077240 0.072324
3 0.306604 0.518347 0.069573 0.059750
3 0.424823 0.551889 0.014740 0.024111
3 0.431307 0.547690 0.014740 0.019917
3 0.435732 0.542449 0.009432 0.011528
3 0.592273 0.596958 0.045401 0.072324
3 0.572818 0.584384 0.013562 0.040880
3 0.559552 0.586481 0.027125 0.045074
3 0.552771 0.578620 0.053656 0.050315
1 0.107771 0.512458 0.015771 0.062306
1 0.128362 0.517912 0.018401 0.060750
1 0.237000 0.528815 0.009635 0.042056
2 0.610846 0.525685 0.009432 0.024111
2 0.119695 0.444968 0.014151 0.030398
2 0.216982 0.466977 0.008255 0.019917
