2 0.006487 0.407759 0.012974 0.031444
2 0.194870 0.522009 0.030073 0.052407
3 0.874703 0.621597 0.031250 0.073380
3 0.874703 0.621597 0.031250 0.073380
3 0.014896 0.579435 0.029792 0.084111
1 0.154643 0.552963 0.027161 0.096574
1 0.343893 0.581778 0.121786 0.110593
1 0.599299 0.603588 0.043807 0.073213
1 0.772344 0.633176 0.069219 0.250778
1 0.915594 0.642523 0.056073 0.200935
3 0.914281 0.685361 0.095500 0.137074
1 0.825789 0.626954 0.041182 0.163556
1 0.801255 0.617602 0.030667 0.154204
1 0.837617 0.611375 0.012266 0.073213
3 0.771466 0.688472 0.142818 0.168222
