2 0.023586 0.480083 0.047172 0.098537
3 0.136792 0.545597 0.073115 0.051361
3 0.072820 0.542454 0.057193 0.045074
3 0.463443 0.556602 0.073115 0.052407
3 0.857016 0.555560 0.019458 0.023065
1 0.974643 0.578616 0.015328 0.064991
1 0.990565 0.581236 0.015328 0.059750
3 0.970224 0.562375 0.037146 0.038787
1 0.699292 0.577046 0.045990 0.154093
3 0.701948 0.628407 0.099646 0.118444
3 0.701948 0.628407 0.099646 0.118444
3 0.785375 0.590676 0.063677 0.084907
1 0.630305 0.582806 0.036557 0.113204
3 0.632372 0.602204 0.022995 0.074426
3 0.664503 0.579144 0.042453 0.070231
3 0.672464 0.530926 0.032427 0.055556
3 0.734966 0.568134 0.028891 0.046120
3 0.749997 0.550843 0.031839 0.055556
3 0.723760 0.576523 0.008844 0.044028
3 0.072820 0.542454 0.057193 0.045074
