3 0.484669 0.593810 0.070755 0.112157
3 0.435729 0.540356 0.011792 0.017824
1 0.838737 0.601681 0.044224 0.205454
1 0.838737 0.601681 0.044224 0.205454
1 0.513266 0.550838 0.007667 0.028306
1 0.513266 0.550838 0.007667 0.028306
1 0.621461 0.568657 0.012974 0.076519
1 0.605839 0.567611 0.008844 0.074426
1 0.222289 0.547694 0.014151 0.074426
1 0.232016 0.549787 0.008844 0.068130
1 0.595518 0.569708 0.014151 0.070231
1 0.282427 0.534069 0.007073 0.030398
1 0.575180 0.567083 0.010026 0.058704
1 0.566039 0.568134 0.012974 0.056602
1 0.549820 0.553458 0.006484 0.035639
1 0.542159 0.557125 0.005307 0.040880
