3 0.853273 0.598134 0.292411 0.420565
3 0.670708 0.569315 0.092000 0.126167
2 0.552427 0.525699 0.014896 0.032713
2 0.551987 0.559190 0.005255 0.009343
3 0.530958 0.559972 0.008760 0.014019
3 0.269419 0.622278 0.146318 0.179130
1 0.287383 0.536606 0.026286 0.107472
3 0.269419 0.622278 0.146318 0.179130
1 0.321992 0.520250 0.025411 0.052963
2 0.490654 0.523361 0.005255 0.012463
3 0.417930 0.591120 0.052568 0.066981
3 0.417930 0.591120 0.052568 0.066981
3 0.419250 0.579435 0.021906 0.043611
3 0.422753 0.568532 0.011391 0.021806
3 0.419250 0.579435 0.021906 0.043611
3 0.450349 0.586444 0.024531 0.042056
3 0.439836 0.603583 0.010516 0.029593
