3 0.467867 0.680815 0.159786 0.248426
3 0.104953 0.662477 0.209906 0.417194
2 0.779185 0.345907 0.040682 0.071278
1 0.761497 0.647273 0.039505 0.244231
3 0.238206 0.570750 0.071932 0.057648
3 0.378536 0.584384 0.061323 0.080713
1 0.723174 0.644130 0.039505 0.187630
1 0.700766 0.632602 0.032427 0.179241
3 0.678951 0.656190 0.022995 0.094343
3 0.638854 0.632602 0.087854 0.105870
3 0.538323 0.628935 0.034198 0.119500
3 0.576359 0.607968 0.035969 0.046120
3 0.471107 0.542977 0.037734 0.035639
1 0.834023 0.646755 0.033609 0.136269
1 0.790982 0.623694 0.010026 0.048222
1 0.893573 0.629458 0.024177 0.061843
1 0.857607 0.622116 0.027714 0.080713
1 0.826648 0.587528 0.009432 0.034593
2 0.326648 0.493708 0.009432 0.033546
1 0.314859 0.563944 0.011792 0.041926
1 0.344930 0.562370 0.009432 0.045074
1 0.348763 0.561847 0.006484 0.044028
2 0.586086 0.532495 0.009432 0.016769
1 0.803656 0.627356 0.011792 0.061843
1 0.746760 0.615306 0.007667 0.058704
