3 0.493219 0.691296 0.270635 0.349056
3 0.927510 0.883185 0.143937 0.231778
3 0.770930 0.684486 0.289505 0.257861
3 0.160969 0.581231 0.135615 0.087000
3 0.612026 0.559745 0.358490 0.127880
3 0.375294 0.589625 0.044224 0.051361
3 0.869693 0.596440 0.040094 0.033546
3 0.307487 0.566565 0.033609 0.047167
3 0.340505 0.575995 0.026531 0.028306
2 0.958969 0.557634 0.014896 0.021806
1 0.945820 0.629278 0.044682 0.155759
3 0.948888 0.675236 0.066589 0.119935
1 0.908151 0.612153 0.037677 0.102806
3 0.908148 0.644861 0.042932 0.071648
1 0.651430 0.595801 0.020151 0.073213
1 0.878357 0.586449 0.020151 0.051398
3 0.880549 0.609032 0.021026 0.046731
1 0.028911 0.571653 0.015771 0.049843
2 0.754380 0.496880 0.017521 0.031148
2 0.744742 0.470403 0.035047 0.018694
2 0.743867 0.432241 0.035047 0.017130
2 0.743867 0.450935 0.035047 0.017130
2 0.336885 0.508565 0.007885 0.014019
3 0.321995 0.580218 0.006135 0.023361
3 0.321995 0.580218 0.006135 0.023361
1 0.323307 0.573986 0.008760 0.032713
1 0.297898 0.570875 0.010516 0.035824
3 0.297461 0.581778 0.025411 0.029593
1 0.067904 0.573986 0.011391 0.048287
1 0.058706 0.573986 0.010516 0.048287
1 0.253242 0.577569 0.006484 0.035639
1 0.367042 0.566037 0.008844 0.020963
