3 0.030956 0.555556 0.034786 0.048222
3 0.421286 0.573375 0.008844 0.016769
3 0.441922 0.626838 0.047760 0.075472
3 0.495576 0.642028 0.085495 0.118444
3 0.586086 0.637319 0.083724 0.067083
3 0.538914 0.623505 0.024766 0.052046
3 0.886500 0.613204 0.024177 0.041926
3 0.747052 0.627884 0.023583 0.033546
3 0.653008 0.620542 0.021818 0.037731
1 0.007448 0.567759 0.014896 0.126167
2 0.336010 0.481306 0.009635 0.015574
2 0.979120 0.492995 0.021906 0.032713
2 0.978682 0.521806 0.022781 0.015574
2 0.672021 0.381620 0.022781 0.040500
2 0.690859 0.480528 0.014896 0.029593
2 0.872661 0.552181 0.015771 0.032713
2 0.709695 0.574764 0.012266 0.018694
2 0.672461 0.447042 0.034172 0.049843
2 0.671581 0.447042 0.035922 0.049843
2 0.671581 0.447042 0.035922 0.049843
3 0.719336 0.629282 0.010516 0.021806
2 0.619885 0.549069 0.009635 0.020250
2 0.499854 0.509343 0.007885 0.015574
1 0.688667 0.640185 0.017521 0.140185
1 0.730724 0.640190 0.017521 0.074769
1 0.778474 0.635519 0.021906 0.096574
1 0.874417 0.661991 0.029792 0.112148
3 0.951956 0.679125 0.051693 0.074769
1 0.986125 0.669005 0.023656 0.132398
1 0.622516 0.608259 0.009635 0.042056
1 0.613318 0.612931 0.007010 0.020250
1 0.274242 0.568532 0.012266 0.049843
3 0.420563 0.573208 0.007010 0.018694
3 0.538914 0.623505 0.024766 0.052046
3 0.538914 0.623505 0.024766 0.052046
3 0.165682 0.566560 0.011792 0.022009
1 0.527417 0.589097 0.004125 0.014676
1 0.362320 0.583329 0.006484 0.032491
3 0.243513 0.576000 0.021224 0.024111
3 0.204305 0.569708 0.028891 0.028306
3 0.406839 0.578611 0.004719 0.012574
1 0.410672 0.578616 0.004125 0.016769
3 0.410672 0.586481 0.001771 0.013630
1 0.896521 0.668241 0.019458 0.103778
1 0.909786 0.663523 0.016510 0.117398
1 0.909786 0.663523 0.016510 0.117398
