2 0.611143 0.433968 0.015922 0.033546
2 0.609964 0.460162 0.014740 0.016769
2 0.608195 0.481657 0.015922 0.024111
2 0.543336 0.500000 0.010026 0.018870
2 0.497346 0.433963 0.018276 0.031444
2 0.464625 0.522542 0.004719 0.017824
2 0.231721 0.473792 0.009432 0.014676
2 0.114091 0.447069 0.005307 0.017824
2 0.147406 0.483750 0.010615 0.024111
1 0.640331 0.547171 0.015328 0.025157
3 0.681016 0.691306 0.221698 0.265204
3 0.681016 0.691306 0.221698 0.265204
3 0.864128 0.789829 0.270703 0.416139
3 0.385612 0.698116 0.212266 0.308176
3 0.230247 0.602722 0.142099 0.174000
3 0.077831 0.587523 0.155661 0.204398
3 0.301885 0.577565 0.027125 0.081759
1 0.502357 0.585958 0.020047 0.104824
1 0.675706 0.552935 0.009432 0.015722
1 0.315742 0.545069 0.010026 0.035639
3 0.573409 0.582806 0.021818 0.031444
1 0.609375 0.571806 0.008844 0.024111
3 0.523583 0.572847 0.023583 0.030398
3 0.545107 0.550843 0.045401 0.034593
1 0.482018 0.574949 0.011203 0.051361
3 0.465214 0.569704 0.022406 0.034593
