1 0.444216 0.605139 0.019276 0.126167
2 0.939250 0.502338 0.017521 0.032713
3 0.461742 0.602023 0.019276 0.048287
2 0.939562 0.530398 0.014740 0.020963
3 0.902747 0.698116 0.193464 0.257861
3 0.642099 0.591194 0.028302 0.029352
3 0.651828 0.592241 0.019458 0.031444
1 0.668336 0.592245 0.010026 0.046120
3 0.675117 0.590671 0.009432 0.032491
2 0.432781 0.500528 0.017688 0.045074
2 0.411557 0.499481 0.011792 0.042981
2 0.525648 0.548222 0.015922 0.018870
3 0.009435 0.589620 0.018870 0.053463
1 0.098169 0.591722 0.028891 0.097481
1 0.071047 0.594338 0.032427 0.096435
3 0.044221 0.588569 0.025943 0.040880
3 0.108786 0.585431 0.014740 0.038787
3 0.128539 0.583333 0.009432 0.036685
3 0.146815 0.585431 0.030661 0.032491
3 0.166273 0.584903 0.009432 0.025157
3 0.183078 0.584380 0.014740 0.024111
3 0.197229 0.582810 0.019458 0.025157
3 0.220815 0.582282 0.018276 0.022009
3 0.234078 0.578097 0.022406 0.028306
3 0.250888 0.578616 0.010026 0.014676
3 0.428359 0.591718 0.013562 0.028306
