2 0.696638 0.455454 0.021818 0.036685
2 0.693984 0.486370 0.017688 0.020963
2 0.692805 0.511005 0.014151 0.028306
2 0.721401 0.433968 0.043042 0.044028
3 0.903005 0.635218 0.026531 0.067083
3 0.968784 0.723273 0.061391 0.255769
3 0.267987 0.637315 0.175120 0.230611
3 0.591393 0.638361 0.100234 0.132074
3 0.543927 0.610593 0.076062 0.103778
3 0.505599 0.592241 0.032427 0.052407
3 0.505599 0.592241 0.032427 0.052407
3 0.463151 0.637315 0.092573 0.140463
3 0.093161 0.623162 0.186323 0.181343
3 0.455781 0.552407 0.016510 0.029352
3 0.420401 0.608486 0.027125 0.080713
3 0.415982 0.578611 0.010026 0.020963
3 0.410969 0.604296 0.005896 0.026204
3 0.400945 0.587528 0.030661 0.045074
3 0.349352 0.597481 0.045401 0.113204
3 0.372052 0.597486 0.005896 0.044028
1 0.072820 0.522532 0.015922 0.019917
1 0.114977 0.525153 0.012974 0.025157
1 0.581073 0.562366 0.008844 0.019917
3 0.470224 0.547694 0.008844 0.015722
2 0.460495 0.524111 0.005896 0.010481
1 0.109081 0.520963 0.014151 0.031444
1 0.154185 0.534065 0.011203 0.015722
1 0.168336 0.541931 0.011203 0.027250
1 0.178951 0.550315 0.011203 0.050315
1 0.187500 0.559750 0.007073 0.050315
1 0.392393 0.564995 0.006484 0.023065
1 0.375883 0.560273 0.005307 0.022009
