3 0.153008 0.552931 0.306016 0.344861
3 0.153008 0.552931 0.306016 0.344861
2 0.282724 0.532495 0.026531 0.085954
3 0.479068 0.611634 0.081958 0.070231
3 0.589328 0.636269 0.120875 0.100630
3 0.533607 0.610060 0.042453 0.054509
1 0.892687 0.731662 0.102594 0.356398
1 0.892687 0.731662 0.102594 0.356398
3 0.646815 0.615829 0.018870 0.038787
3 0.659198 0.618444 0.040094 0.052407
3 0.694576 0.616875 0.041276 0.040880
3 0.789211 0.627361 0.068984 0.074426
3 0.860555 0.622644 0.034786 0.027250
3 0.831661 0.622644 0.007667 0.027250
3 0.916271 0.627889 0.023583 0.048222
3 0.967570 0.627356 0.012974 0.019917
3 0.992076 0.621593 0.014807 0.029352
1 0.977005 0.623167 0.007073 0.024111
3 0.976117 0.634167 0.006484 0.020963
3 0.984669 0.628931 0.008255 0.023065
