2 0.459565 0.365981 0.010630 0.048111
2 0.676549 0.507731 0.007734 0.015463
2 0.675581 0.525773 0.007734 0.013750
2 0.532536 0.474231 0.013531 0.024056
2 0.389016 0.539519 0.004833 0.017185
2 0.324742 0.532644 0.005797 0.020620
3 0.183635 0.668389 0.293812 0.254296
3 0.468750 0.618556 0.129510 0.237111
3 0.964622 0.892616 0.069714 0.211343
3 0.814333 0.726801 0.370292 0.353954
3 0.616138 0.649486 0.122745 0.161509
3 0.568781 0.619417 0.072490 0.111685
3 0.103898 0.573889 0.037693 0.041241
3 0.351802 0.613398 0.088917 0.109963
3 0.402063 0.575606 0.017396 0.020620
1 0.972878 0.574949 0.015328 0.040880
1 0.936320 0.531444 0.036557 0.071278
1 0.928951 0.560273 0.021818 0.009435
1 0.892393 0.533546 0.021818 0.031444
1 0.893276 0.559222 0.028302 0.007333
1 0.004419 0.567616 0.006484 0.049269
1 0.063383 0.567611 0.006484 0.042981
1 0.040391 0.572324 0.007667 0.041926
1 0.022703 0.572324 0.007667 0.039833
