2 0.692219 0.445491 0.068396 0.140463
2 0.813385 0.494755 0.007667 0.035639
2 0.692216 0.532495 0.009432 0.027250
2 0.630010 0.540880 0.007667 0.020963
2 0.553068 0.550315 0.004719 0.010481
1 0.249997 0.584903 0.015328 0.054509
1 0.262380 0.587000 0.011792 0.052407
1 0.877948 0.643079 0.040094 0.151991
3 0.877948 0.675574 0.069573 0.124741
3 0.902714 0.603250 0.016510 0.036685
3 0.914802 0.607968 0.024177 0.037731
3 0.937794 0.611116 0.033609 0.044028
3 0.954305 0.619491 0.017099 0.052407
3 0.972586 0.614782 0.021818 0.049269
3 0.987357 0.618972 0.024245 0.063944
1 0.746461 0.597481 0.021224 0.081759
3 0.747935 0.631551 0.021818 0.038787
1 0.723469 0.599051 0.023583 0.082806
1 0.775354 0.594343 0.010615 0.060796
1 0.793336 0.598532 0.010026 0.056602
3 0.725234 0.634171 0.022406 0.067083
3 0.405367 0.586481 0.015922 0.026204
2 0.456661 0.583338 0.004125 0.009435
3 0.436320 0.580190 0.012974 0.011528
3 0.448701 0.583338 0.009432 0.017824
3 0.472878 0.586477 0.015328 0.022009
3 0.463445 0.583333 0.008255 0.015722
3 0.488505 0.587532 0.013562 0.017824
3 0.482901 0.584380 0.004719 0.013630
3 0.506193 0.586477 0.014740 0.017824
3 0.522406 0.592245 0.010615 0.023065
3 0.530953 0.591718 0.014740 0.028306
3 0.538031 0.595384 0.013562 0.027250
3 0.546578 0.598005 0.017688 0.030398
3 0.556898 0.601676 0.015922 0.039833
3 0.566039 0.606921 0.014151 0.044028
3 0.585789 0.605870 0.040682 0.062889
3 0.604659 0.617921 0.052474 0.070231
1 0.343750 0.576519 0.005896 0.031444
