2 0.847693 0.313866 0.037677 0.060750
2 0.810896 0.541278 0.006135 0.017130
3 0.831370 0.764801 0.336219 0.380065
3 0.527016 0.609815 0.084990 0.066981
3 0.703565 0.628505 0.080609 0.073213
3 0.668078 0.612148 0.076229 0.043611
3 0.554615 0.570097 0.038552 0.087231
2 0.601049 0.556074 0.005255 0.012463
3 0.453417 0.585671 0.030667 0.049843
3 0.471380 0.583338 0.024531 0.048287
3 0.489341 0.585671 0.013141 0.034269
3 0.503797 0.582556 0.015771 0.015574
1 0.346089 0.577884 0.014021 0.046731
2 0.057388 0.485981 0.013141 0.024926
3 0.109961 0.556074 0.049943 0.052963
3 0.141062 0.557639 0.015771 0.024926
3 0.066586 0.552963 0.043807 0.052963
3 0.024971 0.555301 0.044682 0.073213
