3 0.474352 0.628931 0.090214 0.148843
3 0.535674 0.609014 0.045401 0.077565
2 0.583430 0.537218 0.005307 0.017824
2 0.578422 0.536690 0.005896 0.016769
3 0.580487 0.607440 0.044224 0.049269
3 0.560435 0.598005 0.018276 0.032491
3 0.304836 0.584903 0.030661 0.033546
3 0.325763 0.585426 0.018276 0.026204
3 0.340802 0.585435 0.017688 0.024111
3 0.377654 0.583338 0.018276 0.019917
3 0.396523 0.581236 0.011203 0.017824
3 0.407430 0.582287 0.009432 0.015722
3 0.415979 0.581759 0.007667 0.012574
3 0.424531 0.583856 0.010615 0.014676
3 0.429542 0.579662 0.007667 0.016769
2 0.578422 0.549792 0.005896 0.009435
2 0.559255 0.546644 0.014740 0.028306
