3 0.761794 0.697588 0.225234 0.231657
3 0.288622 0.640986 0.118516 0.200213
3 0.906453 0.810847 0.186052 0.376454
3 0.127544 0.705597 0.255089 0.392176
1 0.614526 0.642181 0.037458 0.098306
3 0.359740 0.640588 0.027354 0.069769
3 0.367766 0.610995 0.049354 0.084565
3 0.391549 0.583505 0.062432 0.112046
3 0.427224 0.592491 0.014865 0.064481
3 0.562201 0.609407 0.054109 0.066593
3 0.537823 0.602542 0.023188 0.054972
3 0.522661 0.594083 0.020219 0.035944
3 0.494120 0.590384 0.022594 0.032769
3 0.435016 0.590343 0.009635 0.052963
3 0.441148 0.584889 0.013141 0.042056
3 0.503797 0.577102 0.014021 0.017130
3 0.470065 0.577884 0.013141 0.021806
3 0.482766 0.583329 0.008760 0.023361
3 0.451661 0.577097 0.009635 0.023361
3 0.481891 0.567759 0.007010 0.010907
1 0.459552 0.581773 0.006135 0.035824
3 0.459987 0.590343 0.005255 0.024926
3 0.469188 0.563866 0.006135 0.006231
3 0.235690 0.561532 0.028036 0.032713
