2 0.834990 0.503120 0.038552 0.024926
2 0.576516 0.516361 0.008760 0.038944
2 0.360979 0.512458 0.008760 0.034269
2 0.546729 0.511685 0.007010 0.014019
3 0.005013 0.636792 0.010026 0.128935
1 0.720224 0.638889 0.076062 0.277778
3 0.707253 0.748949 0.080776 0.223269
1 0.261792 0.600102 0.035375 0.145704
3 0.260320 0.638889 0.033609 0.105870
3 0.209609 0.611111 0.077240 0.100630
3 0.180130 0.590144 0.025354 0.067083
3 0.388857 0.589620 0.028891 0.026204
3 0.522703 0.589625 0.019458 0.028306
3 0.397701 0.587005 0.022995 0.035639
3 0.412146 0.587523 0.010615 0.030398
3 0.416570 0.584903 0.010026 0.025157
3 0.423349 0.584903 0.007073 0.025157
3 0.429542 0.584384 0.008844 0.017824
3 0.517987 0.584903 0.015922 0.033546
3 0.513854 0.579662 0.019458 0.035639
3 0.467570 0.584380 0.008255 0.013630
3 0.434258 0.580718 0.012380 0.023065
1 0.441922 0.578620 0.004125 0.018870
3 0.441039 0.588569 0.002359 0.011528
3 0.446047 0.583333 0.002948 0.013630
3 0.453419 0.578616 0.008255 0.016769
2 0.513266 0.555028 0.004125 0.007333
3 0.449883 0.582810 0.008255 0.014676
3 0.500589 0.587005 0.007073 0.014676
