3 0.620284 0.611639 0.104953 0.095389
3 0.936060 0.740565 0.126839 0.208593
3 0.770635 0.666662 0.170990 0.157231
3 0.461083 0.621597 0.091979 0.146750
3 0.461083 0.621597 0.091979 0.146750
3 0.529185 0.602722 0.046578 0.060796
3 0.128539 0.585435 0.081370 0.063944
3 0.370581 0.577046 0.021818 0.024111
3 0.385315 0.574949 0.012380 0.017824
3 0.422760 0.571806 0.004719 0.005241
3 0.529185 0.602722 0.046578 0.060796
3 0.620284 0.611639 0.104953 0.095389
3 0.620284 0.611639 0.104953 0.095389
2 0.691039 0.529356 0.009432 0.023065
2 0.690745 0.546120 0.008844 0.010481
