2 0.442026 0.553741 0.014896 0.026481
3 0.886531 0.708593 0.225896 0.576519
3 0.076945 0.655134 0.153891 0.236898
2 0.738503 0.545597 0.011203 0.019917
2 0.712854 0.551894 0.007073 0.017824
3 0.204599 0.582810 0.114385 0.035639
1 0.211674 0.562370 0.009432 0.015722
2 0.160966 0.498949 0.008255 0.016769
2 0.137971 0.479565 0.012974 0.024111
2 0.203125 0.485847 0.008844 0.017824
2 0.202831 0.500523 0.008255 0.009435
2 0.213737 0.501046 0.010026 0.008389
2 0.213737 0.486375 0.010026 0.016769
1 0.265625 0.587528 0.014740 0.057648
1 0.284789 0.569708 0.012974 0.038787
3 0.310437 0.609014 0.081958 0.088046
3 0.353482 0.637838 0.010026 0.011528
3 0.432784 0.601153 0.048349 0.049269
3 0.426888 0.578616 0.043630 0.025157
3 0.465802 0.594343 0.028302 0.031444
3 0.496758 0.593296 0.033609 0.029352
3 0.518281 0.593292 0.010615 0.023065
3 0.535083 0.593815 0.035969 0.036685
1 0.376182 0.666139 0.089625 0.330185
3 0.375294 0.764153 0.061911 0.167713
3 0.560143 0.594338 0.018870 0.023065
3 0.576357 0.593819 0.017099 0.019917
3 0.601711 0.615824 0.050120 0.066037
3 0.671872 0.610060 0.034786 0.046120
1 0.790682 0.603245 0.023583 0.061843
3 0.790685 0.627361 0.025943 0.047167
1 0.771523 0.604824 0.017099 0.071278
1 0.744102 0.596440 0.008255 0.033546
1 0.753831 0.596963 0.005307 0.034593
3 0.680721 0.600625 0.022995 0.037731
3 0.694576 0.602727 0.012974 0.033546
3 0.700768 0.598005 0.015922 0.032491
3 0.725531 0.599583 0.014740 0.018870
