2 0.602005 0.546644 0.010615 0.032491
2 0.398583 0.512051 0.011792 0.022009
2 0.270047 0.526727 0.016510 0.030398
2 0.060143 0.452310 0.009432 0.019917
2 0.057487 0.479032 0.010026 0.014676
2 0.215802 0.483227 0.010615 0.016769
2 0.399172 0.487944 0.007073 0.013630
3 0.991779 0.608486 0.015401 0.040880
3 0.912148 0.594338 0.048349 0.035639
3 0.883258 0.595384 0.012974 0.037731
3 0.821935 0.579667 0.109672 0.092241
3 0.821935 0.579667 0.109672 0.092241
3 0.003242 0.540875 0.006484 0.037731
3 0.161852 0.546120 0.012380 0.041926
1 0.733492 0.595907 0.018870 0.097481
3 0.754719 0.588574 0.027125 0.045074
3 0.703122 0.583333 0.046578 0.045074
3 0.349349 0.563417 0.031250 0.042981
3 0.282724 0.553458 0.019458 0.027250
1 0.260615 0.545069 0.004719 0.027250
3 0.291862 0.552407 0.015328 0.029352
3 0.298052 0.545069 0.020635 0.037731
3 0.311323 0.550310 0.005896 0.016769
3 0.316036 0.550843 0.004719 0.013630
3 0.319279 0.549264 0.006484 0.014676
