3 0.927805 0.882602 0.143349 0.230611
3 0.492333 0.688676 0.266510 0.345907
3 0.019753 0.595907 0.039505 0.055556
3 0.770930 0.686060 0.289505 0.261009
3 0.303656 0.591718 0.108490 0.070231
3 0.628240 0.580185 0.100823 0.095389
3 0.379128 0.589620 0.036557 0.053463
3 0.340805 0.572324 0.024766 0.020963
3 0.309260 0.554505 0.030073 0.025157
3 0.909198 0.595384 0.051885 0.035639
3 0.969964 0.574421 0.059031 0.077565
1 0.031247 0.562366 0.009432 0.032491
2 0.958435 0.558171 0.015922 0.022009
1 0.906841 0.601681 0.014151 0.083861
2 0.732310 0.548218 0.009432 0.014676
2 0.754424 0.496852 0.017099 0.029352
2 0.744104 0.432394 0.035375 0.017824
2 0.743807 0.450208 0.035969 0.017824
2 0.744398 0.469597 0.034786 0.016769
2 0.336969 0.508907 0.007667 0.015722
1 0.197815 0.573898 0.006484 0.034593
1 0.177773 0.563940 0.010026 0.035639
3 0.176885 0.580190 0.010615 0.017824
1 0.134729 0.563940 0.014740 0.035639
3 0.132372 0.579134 0.028891 0.032491
1 0.059258 0.574426 0.012380 0.048222
1 0.069279 0.573380 0.012380 0.048222
1 0.021815 0.557130 0.012974 0.034593
3 0.017099 0.565514 0.017688 0.019917
