2 0.668339 0.471694 0.031250 0.012574
2 0.703419 0.540884 0.015328 0.025157
2 0.616448 0.524634 0.008844 0.030398
2 0.704008 0.540884 0.015328 0.025157
2 0.616451 0.545602 0.006484 0.013630
2 0.130010 0.515199 0.014740 0.032491
2 0.151826 0.583333 0.017099 0.045074
3 0.492333 0.659847 0.136792 0.193917
3 0.582547 0.612681 0.038917 0.059750
3 0.103773 0.596954 0.093161 0.068130
3 0.039505 0.590148 0.079010 0.048222
3 0.031839 0.572856 0.063677 0.028306
3 0.193984 0.594861 0.063677 0.047167
3 0.248232 0.590667 0.043630 0.045074
3 0.219927 0.585954 0.028302 0.031444
3 0.294221 0.585949 0.066036 0.056602
3 0.381781 0.593292 0.041865 0.033546
3 0.402122 0.594338 0.009432 0.027250
3 0.431901 0.592245 0.024177 0.025157
3 0.561320 0.599583 0.015328 0.031444
3 0.547169 0.590667 0.014151 0.015722
3 0.607018 0.600106 0.011203 0.028306
1 0.159789 0.592764 0.012974 0.091194
1 0.180427 0.597486 0.016510 0.077565
1 0.176888 0.577565 0.009432 0.052407
1 0.344341 0.595907 0.015328 0.087000
1 0.357607 0.599056 0.015922 0.076519
1 0.658315 0.603773 0.011203 0.064991
1 0.668927 0.606917 0.013562 0.060796
1 0.679836 0.607440 0.015328 0.061843
1 0.793927 0.609014 0.013562 0.085954
1 0.806901 0.618972 0.025354 0.074426
1 0.793927 0.609014 0.013562 0.085954
