2 0.762974 0.276731 0.038917 0.069185
2 0.765034 0.350630 0.040682 0.074426
3 0.829893 0.649370 0.027714 0.063944
1 0.840805 0.613204 0.008255 0.031444
3 0.806013 0.633125 0.064859 0.075472
3 0.891214 0.636269 0.054833 0.062889
3 0.939857 0.641509 0.082547 0.069185
3 0.981130 0.637838 0.016510 0.051361
2 0.490565 0.560273 0.008255 0.017824
2 0.382372 0.560801 0.005307 0.023065
2 0.165391 0.494231 0.007667 0.055556
2 0.158016 0.556597 0.023583 0.037731
3 0.349943 0.601681 0.019458 0.025157
3 0.068984 0.599051 0.004719 0.022009
3 0.099055 0.596435 0.042453 0.048222
3 0.140919 0.604296 0.024766 0.042981
3 0.172464 0.601681 0.024177 0.044028
3 0.234966 0.595917 0.027714 0.024111
3 0.253536 0.594861 0.016510 0.024111
3 0.265628 0.595389 0.011203 0.020963
3 0.278599 0.595912 0.013562 0.019917
3 0.278599 0.595912 0.013562 0.019917
3 0.327242 0.593815 0.009432 0.015722
3 0.318398 0.593292 0.008255 0.016769
3 0.305130 0.596435 0.020635 0.020963
1 0.022112 0.587528 0.012380 0.047167
3 0.020344 0.597486 0.014740 0.035639
3 0.099055 0.596435 0.042453 0.048222
