3 0.405953 0.704403 0.212854 0.299787
3 0.065589 0.556759 0.064583 0.042241
3 0.542747 0.610593 0.063089 0.042981
3 0.804247 0.599583 0.041276 0.039833
3 0.775943 0.601153 0.005896 0.032491
3 0.911557 0.654083 0.175708 0.113204
2 0.330776 0.491093 0.007073 0.013630
2 0.579302 0.487949 0.019458 0.030398
2 0.737031 0.552940 0.010615 0.019917
1 0.813091 0.612681 0.012974 0.049269
1 0.783904 0.605347 0.010026 0.017824
1 0.756484 0.607440 0.007073 0.028306
2 0.709612 0.424005 0.046578 0.030398
2 0.709018 0.448634 0.046578 0.025157
1 0.730542 0.604819 0.010615 0.037731
1 0.718753 0.607440 0.012974 0.038787
1 0.674234 0.614782 0.013562 0.070231
3 0.696938 0.669292 0.033021 0.120546
2 0.625888 0.569181 0.010026 0.014676
2 0.590805 0.508912 0.008255 0.017824
1 0.590977 0.624611 0.035922 0.183796
3 0.590096 0.678347 0.028911 0.116824
2 0.580461 0.443926 0.013141 0.024926
2 0.566878 0.550620 0.005255 0.014019
1 0.250586 0.577880 0.019276 0.084111
3 0.247516 0.600468 0.014896 0.063861
1 0.159901 0.578657 0.016646 0.098130
1 0.123539 0.557634 0.035047 0.074769
3 0.125727 0.589565 0.060453 0.057630
3 0.065589 0.556759 0.064583 0.042241
1 0.020154 0.546727 0.019276 0.077880
3 0.024971 0.574764 0.049943 0.065417
3 0.024971 0.574764 0.049943 0.065417
1 0.141510 0.548218 0.010615 0.033546
1 0.109966 0.536167 0.005307 0.015722
3 0.195461 0.563940 0.021818 0.023065
3 0.220518 0.569185 0.024766 0.020963
1 0.692805 0.608486 0.009432 0.022009
1 0.485849 0.585949 0.005896 0.027250
1 0.507664 0.598009 0.008255 0.036685
1 0.515034 0.589097 0.005307 0.016769
