3 0.210789 0.644134 0.137380 0.200213
3 0.613208 0.656181 0.129719 0.167713
3 0.082841 0.693921 0.165682 0.350102
3 0.550414 0.621065 0.073703 0.118444
3 0.355544 0.596435 0.058964 0.071278
3 0.387380 0.591722 0.016510 0.055556
1 0.456664 0.595394 0.022995 0.073380
3 0.456370 0.620019 0.045990 0.047167
3 0.277474 0.587810 0.013844 0.043620
3 0.309247 0.594523 0.033349 0.057046
3 0.506190 0.635352 0.014474 0.035796
3 0.510904 0.601227 0.021391 0.043620
3 0.508388 0.601231 0.027682 0.052574
3 0.398094 0.576116 0.027948 0.054972
3 0.440607 0.573463 0.010703 0.015852
3 0.398091 0.597778 0.010109 0.028537
3 0.459633 0.591440 0.009516 0.022194
1 0.493529 0.597255 0.009516 0.033824
3 0.486711 0.591903 0.020151 0.034269
3 0.478388 0.588787 0.010516 0.031148
3 0.466995 0.574769 0.008760 0.015574
3 0.464807 0.584116 0.006135 0.018694
3 0.414867 0.582551 0.004380 0.034269
3 0.417497 0.581778 0.002630 0.029593
3 0.420125 0.580222 0.006135 0.026481
