1 0.020151 0.548282 0.014021 0.065417
3 0.218602 0.569319 0.028911 0.032713
2 0.321992 0.469625 0.011391 0.020250
1 0.353094 0.579440 0.008760 0.037380
3 0.417492 0.568537 0.011391 0.031148
3 0.445531 0.580222 0.007885 0.010907
1 0.321992 0.469625 0.011391 0.020250
2 0.321992 0.469625 0.011391 0.020250
2 0.503797 0.500000 0.008760 0.015574
1 0.548922 0.602806 0.006135 0.040500
1 0.633906 0.627727 0.007885 0.046731
1 0.647487 0.618375 0.012266 0.065417
1 0.669393 0.595792 0.012266 0.023361
2 0.756133 0.397972 0.049068 0.070093
2 0.756133 0.303741 0.033297 0.056074
2 0.786797 0.439250 0.024531 0.043611
2 0.764896 0.573986 0.015771 0.023361
3 0.950641 0.627727 0.047313 0.074769
3 0.849883 0.646417 0.050818 0.040500
3 0.877042 0.642523 0.031542 0.032713
3 0.911216 0.640185 0.019276 0.024926
1 0.804758 0.671338 0.028911 0.214954
1 0.776721 0.652653 0.013141 0.087231
1 0.738172 0.647977 0.014896 0.093454
3 0.695677 0.638625 0.077104 0.062306
2 0.974484 0.547796 0.021635 0.036259
2 0.645331 0.545056 0.009891 0.021981
1 0.560029 0.603852 0.004943 0.031870
3 0.092279 0.553458 0.033609 0.037731
3 0.128836 0.560792 0.015922 0.027250
3 0.171284 0.566560 0.033609 0.028306
3 0.148583 0.564995 0.010615 0.023065
3 0.725823 0.623162 0.011792 0.019917
1 0.334021 0.572847 0.007667 0.040880
1 0.342573 0.573375 0.005896 0.044028
1 0.365563 0.573898 0.007073 0.034593
1 0.373229 0.577046 0.011792 0.034593
3 0.375589 0.588051 0.010615 0.025157
3 0.404776 0.574417 0.007667 0.012574
1 0.453422 0.580185 0.004719 0.026204
1 0.492922 0.592764 0.007073 0.049269
1 0.473466 0.584903 0.003536 0.025157
1 0.509141 0.597486 0.013562 0.044028
3 0.508846 0.607963 0.024766 0.029352
1 0.525648 0.599579 0.010026 0.044028
3 0.525646 0.609009 0.014740 0.031444
1 0.522995 0.583856 0.004719 0.014676
1 0.535672 0.600634 0.007667 0.044028
1 0.570753 0.606398 0.008255 0.034593
1 0.581070 0.605343 0.006484 0.034593
1 0.790302 0.621500 0.022781 0.081000
