2 0.679448 0.432130 0.030927 0.056704
2 0.677513 0.481102 0.019328 0.041241
2 0.903672 0.512023 0.017396 0.034361
2 0.618555 0.516324 0.005797 0.015463
3 0.507896 0.627148 0.130479 0.223370
3 0.856859 0.757731 0.285240 0.364259
3 0.046391 0.614259 0.092781 0.087630
3 0.168169 0.601375 0.073453 0.058417
3 0.251771 0.589352 0.039625 0.048111
3 0.349388 0.584190 0.016432 0.020620
3 0.428643 0.586773 0.020297 0.029213
3 0.439753 0.582477 0.005797 0.013750
1 0.806901 0.582287 0.024177 0.053463
3 0.793924 0.609014 0.006484 0.016769
1 0.573701 0.584380 0.008255 0.047167
1 0.941333 0.564995 0.013562 0.023065
1 0.969047 0.565514 0.007667 0.019917
