3 0.217727 0.568537 0.028911 0.031148
2 0.974302 0.547509 0.022781 0.038944
3 0.171289 0.566194 0.034172 0.029593
3 0.137120 0.563866 0.032417 0.021806
1 0.325935 0.570875 0.010516 0.045176
1 0.325935 0.570875 0.010516 0.045176
2 0.321990 0.469625 0.009635 0.020250
1 0.806076 0.670560 0.042057 0.213398
3 0.951518 0.625389 0.043807 0.070093
3 0.875729 0.642523 0.032417 0.032713
1 0.834987 0.666671 0.033297 0.171343
1 0.781544 0.654208 0.019276 0.087231
1 0.352656 0.578667 0.007885 0.038944
3 0.791617 0.631616 0.011391 0.023361
3 0.765771 0.638630 0.017521 0.040500
2 0.764458 0.573986 0.016646 0.020250
1 0.736419 0.648755 0.018401 0.091898
3 0.684289 0.647972 0.091120 0.071648
3 0.720648 0.625384 0.020151 0.023361
1 0.668081 0.597347 0.011391 0.023361
2 0.644422 0.544389 0.009635 0.026481
1 0.645297 0.608255 0.009635 0.045176
1 0.633469 0.626949 0.007010 0.048287
3 0.543221 0.630838 0.091120 0.074769
2 0.504234 0.500778 0.009635 0.017130
2 0.504234 0.500778 0.009635 0.017130
3 0.419247 0.569315 0.011391 0.026481
3 0.446406 0.579444 0.007885 0.012463
3 0.405229 0.574769 0.006135 0.015574
1 0.492406 0.592681 0.007010 0.048287
1 0.492406 0.592681 0.007010 0.048287
1 0.492406 0.592681 0.007010 0.048287
1 0.492406 0.592681 0.007010 0.048287
2 0.755693 0.306852 0.032417 0.056074
2 0.755693 0.397194 0.048188 0.071648
2 0.785484 0.439250 0.023656 0.043611
3 0.684289 0.647972 0.091120 0.071648
1 0.806076 0.670560 0.042057 0.213398
3 0.543221 0.630838 0.091120 0.074769
1 0.575766 0.602727 0.004125 0.033546
1 0.005013 0.545593 0.010026 0.057648
1 0.393870 0.580190 0.005896 0.030398
1 0.362026 0.573898 0.005896 0.034593
3 0.393573 0.588569 0.004125 0.022009
1 0.478776 0.585426 0.004719 0.026204
1 0.440448 0.581231 0.004719 0.026204
1 0.508549 0.585954 0.012380 0.020963
3 0.501180 0.607444 0.009432 0.024111
1 0.526828 0.587005 0.007667 0.016769
1 0.534786 0.587528 0.005896 0.013630
