2 0.610253 0.445486 0.049943 0.021806
2 0.610846 0.424009 0.049526 0.024111
2 0.611146 0.401991 0.048937 0.026204
2 0.695164 0.619500 0.018870 0.039833
2 0.695164 0.619500 0.018870 0.039833
3 0.198411 0.698634 0.274177 0.365824
2 0.620284 0.488468 0.009432 0.025157
2 0.774763 0.563944 0.014151 0.020963
2 0.915388 0.567083 0.010026 0.020963
2 0.884432 0.546648 0.010615 0.013630
2 0.884138 0.513106 0.018276 0.028306
3 0.987948 0.710694 0.023062 0.090148
3 0.980839 0.632602 0.032427 0.036685
1 0.923052 0.622116 0.020635 0.059750
3 0.920990 0.636269 0.029479 0.041926
1 0.902125 0.616356 0.016510 0.054509
3 0.822526 0.629977 0.061323 0.054509
3 0.665388 0.598532 0.017099 0.025157
3 0.778005 0.620551 0.047760 0.044028
3 0.752651 0.612681 0.025354 0.038787
3 0.737617 0.617398 0.021224 0.048222
3 0.709609 0.620019 0.008844 0.026204
1 0.720815 0.612685 0.017099 0.055556
3 0.721992 0.630505 0.012380 0.040880
3 0.645635 0.589625 0.007073 0.009435
1 0.436617 0.585949 0.005307 0.035639
1 0.337560 0.594861 0.012380 0.063944
1 0.323115 0.597486 0.016510 0.064991
3 0.320458 0.607972 0.008844 0.048222
3 0.030365 0.611111 0.060729 0.071278
1 0.035380 0.577565 0.033021 0.079667
1 0.035380 0.577565 0.033021 0.079667
1 0.107016 0.561319 0.025354 0.061843
2 0.610846 0.424009 0.049526 0.024111
2 0.611146 0.401991 0.048937 0.026204
