3 0.156396 0.701713 0.312792 0.390963
3 0.027161 0.568537 0.054323 0.099685
3 0.647049 0.651088 0.127047 0.158880
3 0.741240 0.595796 0.092875 0.070093
2 0.116531 0.485981 0.007010 0.024926
3 0.831047 0.608255 0.077979 0.051398
3 0.894565 0.615269 0.068339 0.052963
2 0.611125 0.535046 0.009635 0.017130
3 0.581336 0.622273 0.083234 0.119935
2 0.566008 0.507014 0.042057 0.020250
2 0.557240 0.447815 0.017521 0.029593
2 0.425380 0.523366 0.006135 0.009343
3 0.288258 0.563083 0.019276 0.038944
3 0.316299 0.584111 0.042057 0.071648
3 0.350904 0.578662 0.065714 0.048287
3 0.512995 0.588782 0.030667 0.037380
1 0.981195 0.610593 0.036568 0.196259
3 0.972549 0.651870 0.049068 0.126167
3 0.498102 0.588005 0.011391 0.035824
3 0.359232 0.553736 0.042057 0.020250
3 0.384635 0.579440 0.017521 0.034269
3 0.391648 0.578662 0.012266 0.023361
3 0.389021 0.568532 0.031542 0.037380
3 0.350904 0.578662 0.065714 0.048287
3 0.486276 0.573208 0.007010 0.009343
3 0.406542 0.580213 0.014021 0.017130
3 0.445094 0.573213 0.022781 0.012463
3 0.464372 0.570870 0.010516 0.010907
3 0.474005 0.573991 0.008760 0.014019
3 0.113023 0.525704 0.138432 0.029593
2 0.425380 0.523366 0.006135 0.009343
