2 0.909901 0.460278 0.021906 0.054519
2 0.749560 0.326329 0.035922 0.060750
2 0.746497 0.405759 0.033297 0.057630
3 0.858531 0.742991 0.281896 0.461056
3 0.858531 0.742991 0.281896 0.461056
3 0.084549 0.640963 0.169099 0.179130
3 0.608935 0.617597 0.036797 0.063861
3 0.567760 0.608255 0.045562 0.060750
3 0.166034 0.588782 0.151578 0.115269
3 0.275555 0.598125 0.058703 0.065417
3 0.312357 0.594236 0.025411 0.051398
3 0.544099 0.602806 0.024531 0.052963
1 0.529643 0.602023 0.013141 0.091898
3 0.518253 0.590338 0.011391 0.049843
2 0.519568 0.536602 0.007010 0.014019
3 0.469625 0.584111 0.022781 0.024926
3 0.453417 0.583329 0.014896 0.023361
3 0.399534 0.578657 0.010516 0.017130
3 0.351341 0.577102 0.012266 0.014019
