3 0.068779 0.619157 0.137557 0.123056
3 0.804326 0.696264 0.198016 0.190028
3 0.266357 0.605917 0.091120 0.071648
3 0.617260 0.663556 0.102510 0.137074
3 0.700935 0.646417 0.082359 0.112148
3 0.700935 0.646417 0.082359 0.112148
3 0.700935 0.646417 0.082359 0.112148
3 0.700935 0.646417 0.082359 0.112148
3 0.700935 0.646417 0.082359 0.112148
3 0.327250 0.593463 0.037677 0.040500
3 0.327250 0.593463 0.037677 0.040500
3 0.357039 0.592676 0.025411 0.029593
3 0.563812 0.611375 0.030667 0.045176
3 0.617260 0.663556 0.102510 0.137074
3 0.617260 0.663556 0.102510 0.137074
3 0.424068 0.598130 0.031542 0.031148
3 0.450349 0.596569 0.024531 0.021806
3 0.486711 0.596579 0.018401 0.018694
3 0.586591 0.601245 0.013141 0.018694
3 0.664135 0.600468 0.007010 0.007787
2 0.862586 0.507792 0.020151 0.049843
2 0.864776 0.542829 0.017521 0.023361
