3 0.008323 0.593458 0.016646 0.087231
3 0.966737 0.801403 0.065484 0.216509
3 0.826664 0.707162 0.207651 0.171343
3 0.621641 0.665894 0.123542 0.157324
3 0.621641 0.665894 0.123542 0.157324
3 0.696992 0.647199 0.067464 0.101250
3 0.696992 0.647199 0.067464 0.101250
3 0.313229 0.593458 0.055198 0.049843
3 0.313229 0.593458 0.055198 0.049843
3 0.545414 0.604366 0.028911 0.046731
3 0.545414 0.604366 0.028911 0.046731
3 0.576078 0.597347 0.016646 0.023361
3 0.343021 0.592681 0.016646 0.035824
3 0.343021 0.592681 0.016646 0.035824
3 0.392961 0.588009 0.025411 0.026481
3 0.576078 0.597347 0.016646 0.023361
3 0.153768 0.588009 0.072724 0.057630
3 0.153768 0.588009 0.072724 0.057630
