2 0.738612 0.291282 0.035047 0.059194
2 0.580185 0.482704 0.021224 0.013630
2 0.523878 0.526204 0.006484 0.012574
2 0.522995 0.539310 0.005896 0.011528
3 0.316628 0.597481 0.060141 0.060796
3 0.790391 0.628926 0.093750 0.081759
3 0.550706 0.605343 0.043630 0.055556
3 0.349057 0.593810 0.023583 0.051361
3 0.362914 0.568662 0.050120 0.089102
3 0.389445 0.590148 0.010026 0.031444
3 0.395635 0.588056 0.010615 0.029352
3 0.399174 0.583329 0.018870 0.030398
3 0.413031 0.586477 0.008844 0.022009
3 0.531250 0.600106 0.022406 0.049269
3 0.527120 0.591718 0.029479 0.051361
3 0.877982 0.779870 0.242995 0.423481
3 0.139740 0.716977 0.279479 0.360583
3 0.504424 0.589620 0.017099 0.024111
3 0.421878 0.582806 0.010026 0.020963
3 0.431013 0.579139 0.009432 0.015722
3 0.465508 0.576519 0.011203 0.008389
1 0.479362 0.580713 0.003536 0.018870
3 0.488797 0.583333 0.007073 0.015722
