2 0.591852 0.504671 0.011391 0.021806
3 0.959729 0.704824 0.079500 0.197815
3 0.840685 0.594241 0.042932 0.070093
2 0.578711 0.448602 0.011391 0.040500
2 0.596234 0.520250 0.006135 0.012463
2 0.580461 0.493773 0.011391 0.018694
2 0.530521 0.500778 0.007885 0.014019
2 0.538844 0.500778 0.008760 0.014019
3 0.703128 0.590347 0.034172 0.034269
3 0.568633 0.605139 0.068339 0.095019
3 0.425383 0.583338 0.034172 0.045176
3 0.384198 0.574769 0.055198 0.031148
3 0.534023 0.595801 0.028911 0.073213
3 0.510805 0.579435 0.019276 0.028037
3 0.493724 0.565421 0.006135 0.009343
3 0.464370 0.556856 0.014021 0.007787
3 0.462177 0.572431 0.014896 0.020250
3 0.401284 0.560745 0.042057 0.021806
3 0.340391 0.582551 0.016646 0.034269
3 0.309727 0.585667 0.034172 0.068537
3 0.324620 0.584889 0.014896 0.057630
3 0.093312 0.608250 0.186625 0.154204
3 0.205023 0.621495 0.050818 0.090343
3 0.215102 0.588782 0.120036 0.121491
3 0.007885 0.650310 0.015771 0.116824
3 0.277305 0.592681 0.044682 0.088787
3 0.291763 0.589560 0.028036 0.076324
1 0.652477 0.583333 0.015099 0.072704
3 0.654990 0.604588 0.012583 0.043620
3 0.663484 0.578866 0.008177 0.025731
1 0.638005 0.585014 0.006292 0.038028
